idx medium mean_grey max_grey min_grey mean_bg_grey max_bg_grey min_bg_grey
1	transp_med	75.44	129.00	7.00	87.78	255.00	1.00
2	transp_med	75.44	129.00	7.00	87.78	255.00	1.00
3	transp_med	75.44	129.00	7.00	87.78	255.00	1.00
4	shadow	21.92	130.00	1.00	82.09	255.00	1.00
5	shadow	21.92	130.00	1.00	82.09	255.00	1.00
6	shadow	21.92	130.00	1.00	82.09	255.00	1.00
7	shadow	24.50	133.00	1.00	82.33	255.00	1.00
8	shadow	24.50	133.00	1.00	82.33	255.00	1.00
9	shadow	24.50	133.00	1.00	82.33	255.00	1.00
10	shadow	19.94	114.00	1.00	79.77	255.00	1.00
11	shadow	19.94	114.00	1.00	79.77	255.00	1.00
12	shadow	19.94	114.00	1.00	79.77	255.00	1.00
13	shadow	22.28	115.00	2.00	79.92	255.00	1.00
14	shadow	22.28	115.00	2.00	79.92	255.00	1.00
15	shadow	22.28	115.00	2.00	79.92	255.00	1.00
16	transp_med	76.09	195.00	13.00	89.15	255.00	1.00
17	transp_med	76.09	195.00	13.00	89.15	255.00	1.00
18	transp_med	76.09	195.00	13.00	89.15	255.00	1.00
19	transp_med	73.60	136.00	24.00	89.43	255.00	2.00
20	transp_med	73.60	136.00	24.00	89.43	255.00	2.00
21	transp_med	73.60	136.00	24.00	89.43	255.00	2.00
22	transp_med_steep	75.28	139.00	2.00	87.67	255.00	1.00
23	transp_med_steep	75.28	139.00	2.00	87.67	255.00	1.00
24	transp_med_steep	75.28	139.00	2.00	87.67	255.00	1.00
25	transp_med_steep	73.87	162.00	7.00	84.64	244.00	1.00
26	transp_med_steep	73.87	162.00	7.00	84.64	244.00	1.00
27	transp_med_steep	73.87	162.00	7.00	84.64	244.00	1.00
28	shadow	25.00	143.00	1.00	83.64	255.00	1.00
29	shadow	25.00	143.00	1.00	83.64	255.00	1.00
30	shadow	25.00	143.00	1.00	83.64	255.00	1.00
31	plain	83.99	255.00	1.00	83.99	255.00	1.00
32	plain	83.99	255.00	1.00	83.99	255.00	1.00
33	plain	83.99	255.00	1.00	83.99	255.00	1.00
34	transp_dark	21.43	123.00	7.00	88.76	255.00	1.00
35	transp_dark	21.43	123.00	7.00	88.76	255.00	1.00
36	transp_dark	21.43	123.00	7.00	88.76	255.00	1.00
37	plain	88.60	255.00	1.00	88.60	255.00	1.00
38	plain	88.60	255.00	1.00	88.60	255.00	1.00
39	plain	88.60	255.00	1.00	88.60	255.00	1.00
40	transp_med	76.60	154.00	34.00	87.89	247.00	1.00
41	transp_med	76.60	154.00	34.00	87.89	247.00	1.00
42	transp_med	76.60	154.00	34.00	87.89	247.00	1.00
43	transp_dark_steep	34.48	229.00	6.00	88.99	255.00	1.00
44	transp_dark_steep	34.48	229.00	6.00	88.99	255.00	1.00
45	transp_dark_steep	34.48	229.00	6.00	88.99	255.00	1.00
46	plain	81.32	255.00	1.00	81.32	255.00	1.00
47	plain	81.32	255.00	1.00	81.32	255.00	1.00
48	plain	81.32	255.00	1.00	81.32	255.00	1.00
49	transp_dark_steep	31.06	124.00	6.00	88.16	255.00	1.00
50	transp_dark_steep	31.06	124.00	6.00	88.16	255.00	1.00
51	transp_dark_steep	31.06	124.00	6.00	88.16	255.00	1.00
52	transp_med_steep	73.16	143.00	12.00	88.46	255.00	1.00
53	transp_med_steep	73.16	143.00	12.00	88.46	255.00	1.00
54	transp_med_steep	73.16	143.00	12.00	88.46	255.00	1.00
55	plain	82.97	255.00	1.00	82.97	255.00	1.00
56	plain	82.97	255.00	1.00	82.97	255.00	1.00
57	plain	82.97	255.00	1.00	82.97	255.00	1.00
58	transp_med_steep	76.80	174.00	10.00	89.32	255.00	1.00
59	transp_med_steep	76.80	174.00	10.00	89.32	255.00	1.00
60	transp_med_steep	76.80	174.00	10.00	89.32	255.00	1.00
61	transp_dark	20.42	166.00	7.00	86.56	255.00	1.00
62	transp_dark	20.42	166.00	7.00	86.56	255.00	1.00
63	transp_dark	20.42	166.00	7.00	86.56	255.00	1.00
64	transp_med_steep	72.45	142.00	2.00	86.96	255.00	1.00
65	transp_med_steep	72.45	142.00	2.00	86.96	255.00	1.00
66	transp_med_steep	72.45	142.00	2.00	86.96	255.00	1.00
67	shadow	20.21	91.00	1.00	83.26	241.00	1.00
68	shadow	20.21	91.00	1.00	83.26	241.00	1.00
69	shadow	20.21	91.00	1.00	83.26	241.00	1.00
70	transp_dark	24.30	182.00	7.00	88.97	255.00	2.00
71	transp_dark	24.30	182.00	7.00	88.97	255.00	2.00
72	transp_dark	24.30	182.00	7.00	88.97	255.00	2.00
73	transp_dark_steep	33.18	179.00	6.00	86.59	255.00	1.00
74	transp_dark_steep	33.18	179.00	6.00	86.59	255.00	1.00
75	transp_dark_steep	33.18	179.00	6.00	86.59	255.00	1.00
76	transp_dark	19.96	129.00	6.00	88.15	255.00	1.00
77	transp_dark	19.96	129.00	6.00	88.15	255.00	1.00
78	transp_dark	19.96	129.00	6.00	88.15	255.00	1.00
79	transp_med_steep	73.17	182.00	2.00	89.14	255.00	2.00
80	transp_med_steep	73.17	182.00	2.00	89.14	255.00	2.00
81	transp_med_steep	73.17	182.00	2.00	89.14	255.00	2.00
82	transp_dark_steep	34.76	115.00	6.00	88.69	251.00	1.00
83	transp_dark_steep	34.76	115.00	6.00	88.69	251.00	1.00
84	transp_dark_steep	34.76	115.00	6.00	88.69	251.00	1.00
85	transp_dark_steep	35.11	182.00	6.00	85.52	255.00	1.00
86	transp_dark_steep	35.11	182.00	6.00	85.52	255.00	1.00
87	transp_dark_steep	35.11	182.00	6.00	85.52	255.00	1.00
88	transp_dark_steep	33.82	182.00	6.00	88.19	255.00	2.00
89	transp_dark_steep	33.82	182.00	6.00	88.19	255.00	2.00
90	transp_dark_steep	33.82	182.00	6.00	88.19	255.00	2.00
91	transp_dark_steep	36.43	189.00	5.00	86.26	244.00	1.00
92	transp_dark_steep	36.43	189.00	5.00	86.26	244.00	1.00
93	transp_dark_steep	36.43	189.00	5.00	86.26	244.00	1.00
94	transp_dark_steep	33.23	121.00	4.00	88.31	255.00	1.00
95	transp_dark_steep	33.23	121.00	4.00	88.31	255.00	1.00
96	transp_dark_steep	33.23	121.00	4.00	88.31	255.00	1.00
97	transp_med_steep	66.71	171.00	1.00	86.09	255.00	1.00
98	transp_med_steep	66.71	171.00	1.00	86.09	255.00	1.00
99	transp_med_steep	66.71	171.00	1.00	86.09	255.00	1.00
100	transp_dark	23.49	96.00	4.00	87.91	255.00	2.00
101	transp_dark	23.49	96.00	4.00	87.91	255.00	2.00
102	transp_dark	23.49	96.00	4.00	87.91	255.00	2.00
103	shadow	18.35	143.00	1.00	80.11	217.00	1.00
104	shadow	18.35	143.00	1.00	80.11	217.00	1.00
105	shadow	18.35	143.00	1.00	80.11	217.00	1.00
106	plain	86.73	255.00	1.00	86.73	255.00	1.00
107	plain	86.73	255.00	1.00	86.73	255.00	1.00
108	plain	86.73	255.00	1.00	86.73	255.00	1.00
109	transp_med	74.85	168.00	6.00	88.44	255.00	1.00
110	transp_med	74.85	168.00	6.00	88.44	255.00	1.00
111	transp_med	74.85	168.00	6.00	88.44	255.00	1.00
112	transp_med_steep	72.68	138.00	7.00	89.09	255.00	1.00
113	transp_med_steep	72.68	138.00	7.00	89.09	255.00	1.00
114	transp_med_steep	72.68	138.00	7.00	89.09	255.00	1.00
115	shadow	23.77	106.00	1.00	83.07	255.00	2.00
116	shadow	23.77	106.00	1.00	83.07	255.00	2.00
117	shadow	23.77	106.00	1.00	83.07	255.00	2.00
118	transp_med	73.92	179.00	18.00	87.95	233.00	1.00
119	transp_med	73.92	179.00	18.00	87.95	233.00	1.00
120	transp_med	73.92	179.00	18.00	87.95	233.00	1.00
121	transp_dark	23.27	93.00	8.00	86.58	250.00	1.00
122	transp_dark	23.27	93.00	8.00	86.58	250.00	1.00
123	transp_dark	23.27	93.00	8.00	86.58	250.00	1.00
124	transp_dark_steep	39.97	179.00	7.00	86.77	255.00	1.00
125	transp_dark_steep	39.97	179.00	7.00	86.77	255.00	1.00
126	transp_dark_steep	39.97	179.00	7.00	86.77	255.00	1.00
127	transp_med	74.08	144.00	18.00	89.34	255.00	1.00
128	transp_med	74.08	144.00	18.00	89.34	255.00	1.00
129	transp_med	74.08	144.00	18.00	89.34	255.00	1.00
130	transp_med	72.82	142.00	4.00	90.51	251.00	4.00
131	transp_med	72.82	142.00	4.00	90.51	251.00	4.00
132	transp_med	72.82	142.00	4.00	90.51	251.00	4.00
133	transp_dark	24.40	182.00	7.00	86.38	217.00	1.00
134	transp_dark	24.40	182.00	7.00	86.38	217.00	1.00
135	transp_dark	24.40	182.00	7.00	86.38	217.00	1.00
136	shadow	21.15	135.00	1.00	84.47	255.00	1.00
137	shadow	21.15	135.00	1.00	84.47	255.00	1.00
138	shadow	21.15	135.00	1.00	84.47	255.00	1.00
139	plain	84.57	255.00	1.00	84.57	255.00	1.00
140	plain	84.57	255.00	1.00	84.57	255.00	1.00
141	plain	84.57	255.00	1.00	84.57	255.00	1.00
142	transp_dark	21.47	162.00	1.00	86.56	255.00	1.00
143	transp_dark	21.47	162.00	1.00	86.56	255.00	1.00
144	transp_dark	21.47	162.00	1.00	86.56	255.00	1.00
145	transp_med_steep	73.96	174.00	6.00	88.74	255.00	2.00
146	transp_med_steep	73.96	174.00	6.00	88.74	255.00	2.00
147	transp_med_steep	73.96	174.00	6.00	88.74	255.00	2.00
148	transp_dark	22.29	182.00	1.00	86.29	255.00	1.00
149	transp_dark	22.29	182.00	1.00	86.29	255.00	1.00
150	transp_dark	22.29	182.00	1.00	86.29	255.00	1.00
151	transp_med_steep	69.38	136.00	4.00	86.50	255.00	1.00
152	transp_med_steep	69.38	136.00	4.00	86.50	255.00	1.00
153	transp_med_steep	69.38	136.00	4.00	86.50	255.00	1.00
154	transp_med	75.21	142.00	6.00	87.81	255.00	1.00
155	transp_med	75.21	142.00	6.00	87.81	255.00	1.00
156	transp_med	75.21	142.00	6.00	87.81	255.00	1.00
157	transp_dark_steep	34.10	229.00	6.00	89.04	255.00	2.00
158	transp_dark_steep	34.10	229.00	6.00	89.04	255.00	2.00
159	transp_dark_steep	34.10	229.00	6.00	89.04	255.00	2.00
160	plain	82.15	255.00	1.00	82.15	255.00	1.00
161	plain	82.15	255.00	1.00	82.15	255.00	1.00
162	plain	82.15	255.00	1.00	82.15	255.00	1.00
163	transp_dark	20.77	229.00	6.00	86.67	255.00	2.00
164	transp_dark	20.77	229.00	6.00	86.67	255.00	2.00
165	transp_dark	20.77	229.00	6.00	86.67	255.00	2.00
166	transp_dark	22.15	93.00	1.00	87.40	255.00	1.00
167	transp_dark	22.15	93.00	1.00	87.40	255.00	1.00
168	transp_dark	22.15	93.00	1.00	87.40	255.00	1.00
169	transp_dark_steep	30.61	132.00	5.00	87.61	255.00	2.00
170	transp_dark_steep	30.61	132.00	5.00	87.61	255.00	2.00
171	transp_dark_steep	30.61	132.00	5.00	87.61	255.00	2.00
172	transp_med_steep	76.22	182.00	2.00	86.95	244.00	2.00
173	transp_med_steep	76.22	182.00	2.00	86.95	244.00	2.00
174	transp_med_steep	76.22	182.00	2.00	86.95	244.00	2.00
175	transp_med	74.99	178.00	16.00	88.69	255.00	1.00
176	transp_med	74.99	178.00	16.00	88.69	255.00	1.00
177	transp_med	74.99	178.00	16.00	88.69	255.00	1.00
178	transp_med_steep	72.32	132.00	12.00	88.25	255.00	1.00
179	transp_med_steep	72.32	132.00	12.00	88.25	255.00	1.00
180	transp_med_steep	72.32	132.00	12.00	88.25	255.00	1.00
181	plain	80.87	255.00	1.00	80.87	255.00	1.00
182	plain	80.87	255.00	1.00	80.87	255.00	1.00
183	plain	80.87	255.00	1.00	80.87	255.00	1.00
184	transp_dark_steep	33.85	141.00	1.00	89.11	255.00	1.00
185	transp_dark_steep	33.85	141.00	1.00	89.11	255.00	1.00
186	transp_dark_steep	33.85	141.00	1.00	89.11	255.00	1.00
187	transp_med	74.59	139.00	7.00	90.47	255.00	4.00
188	transp_med	74.59	139.00	7.00	90.47	255.00	4.00
189	transp_med	74.59	139.00	7.00	90.47	255.00	4.00
190	transp_med	73.44	169.00	9.00	86.97	255.00	2.00
191	transp_med	73.44	169.00	9.00	86.97	255.00	2.00
192	transp_med	73.44	169.00	9.00	86.97	255.00	2.00
193	transp_med	73.57	116.00	12.00	89.88	255.00	1.00
194	transp_med	73.57	116.00	12.00	89.88	255.00	1.00
195	transp_med	73.57	116.00	12.00	89.88	255.00	1.00
196	transp_med	73.78	141.00	4.00	85.80	255.00	1.00
197	transp_med	73.78	141.00	4.00	85.80	255.00	1.00
198	transp_med	73.78	141.00	4.00	85.80	255.00	1.00
199	transp_dark	22.60	110.00	6.00	88.10	255.00	1.00
200	transp_dark	22.60	110.00	6.00	88.10	255.00	1.00
201	transp_dark	22.60	110.00	6.00	88.10	255.00	1.00
202	transp_med_steep	74.55	161.00	27.00	88.44	255.00	1.00
203	transp_med_steep	74.55	161.00	27.00	88.44	255.00	1.00
204	transp_med_steep	74.55	161.00	27.00	88.44	255.00	1.00
205	transp_dark_steep	36.13	142.00	4.00	87.67	255.00	1.00
206	transp_dark_steep	36.13	142.00	4.00	87.67	255.00	1.00
207	transp_dark_steep	36.13	142.00	4.00	87.67	255.00	1.00
208	plain	85.85	255.00	1.00	85.85	255.00	1.00
209	plain	85.85	255.00	1.00	85.85	255.00	1.00
210	plain	85.85	255.00	1.00	85.85	255.00	1.00
211	transp_dark	22.11	171.00	5.00	86.49	245.00	1.00
212	transp_dark	22.11	171.00	5.00	86.49	245.00	1.00
213	transp_dark	22.11	171.00	5.00	86.49	245.00	1.00
214	transp_med_steep	72.11	179.00	2.00	91.80	255.00	2.00
215	transp_med_steep	72.11	179.00	2.00	91.80	255.00	2.00
216	transp_med_steep	72.11	179.00	2.00	91.80	255.00	2.00
217	transp_dark	22.94	141.00	1.00	88.10	255.00	1.00
218	transp_dark	22.94	141.00	1.00	88.10	255.00	1.00
219	transp_dark	22.94	141.00	1.00	88.10	255.00	1.00
220	shadow	21.49	118.00	1.00	80.30	240.00	1.00
221	shadow	21.49	118.00	1.00	80.30	240.00	1.00
222	shadow	21.49	118.00	1.00	80.30	240.00	1.00
223	shadow	27.23	130.00	1.00	79.65	247.00	1.00
224	shadow	27.23	130.00	1.00	79.65	247.00	1.00
225	shadow	27.23	130.00	1.00	79.65	247.00	1.00
226	shadow	26.06	138.00	1.00	82.92	255.00	1.00
227	shadow	26.06	138.00	1.00	82.92	255.00	1.00
228	shadow	26.06	138.00	1.00	82.92	255.00	1.00
229	transp_dark	22.86	162.00	7.00	89.59	255.00	4.00
230	transp_dark	22.86	162.00	7.00	89.59	255.00	4.00
231	transp_dark	22.86	162.00	7.00	89.59	255.00	4.00
232	transp_med_steep	76.32	142.00	6.00	88.29	255.00	1.00
233	transp_med_steep	76.32	142.00	6.00	88.29	255.00	1.00
234	transp_med_steep	76.32	142.00	6.00	88.29	255.00	1.00
235	shadow	24.57	144.00	2.00	82.73	247.00	1.00
236	shadow	24.57	144.00	2.00	82.73	247.00	1.00
237	shadow	24.57	144.00	2.00	82.73	247.00	1.00
238	transp_dark_steep	32.65	164.00	6.00	88.13	255.00	2.00
239	transp_dark_steep	32.65	164.00	6.00	88.13	255.00	2.00
240	transp_dark_steep	32.65	164.00	6.00	88.13	255.00	2.00
241	shadow	20.72	110.00	1.00	81.70	255.00	1.00
242	shadow	20.72	110.00	1.00	81.70	255.00	1.00
243	shadow	20.72	110.00	1.00	81.70	255.00	1.00
244	transp_dark	23.29	141.00	7.00	87.50	255.00	1.00
245	transp_dark	23.29	141.00	7.00	87.50	255.00	1.00
246	transp_dark	23.29	141.00	7.00	87.50	255.00	1.00
247	shadow	16.13	144.00	1.00	84.86	255.00	1.00
248	shadow	16.13	144.00	1.00	84.86	255.00	1.00
249	shadow	16.13	144.00	1.00	84.86	255.00	1.00
250	transp_med_steep	78.87	138.00	6.00	88.27	255.00	1.00
251	transp_med_steep	78.87	138.00	6.00	88.27	255.00	1.00
252	transp_med_steep	78.87	138.00	6.00	88.27	255.00	1.00
253	transp_dark_steep	35.96	97.00	1.00	87.49	255.00	1.00
254	transp_dark_steep	35.96	97.00	1.00	87.49	255.00	1.00
255	transp_dark_steep	35.96	97.00	1.00	87.49	255.00	1.00
256	transp_med	73.78	178.00	11.00	90.03	255.00	4.00
257	transp_med	73.78	178.00	11.00	90.03	255.00	4.00
258	transp_med	73.78	178.00	11.00	90.03	255.00	4.00
259	transp_dark	21.49	178.00	7.00	87.30	240.00	1.00
260	transp_dark	21.49	178.00	7.00	87.30	240.00	1.00
261	transp_dark	21.49	178.00	7.00	87.30	240.00	1.00
262	transp_med	75.98	160.00	7.00	88.64	255.00	2.00
263	transp_med	75.98	160.00	7.00	88.64	255.00	2.00
264	transp_med	75.98	160.00	7.00	88.64	255.00	2.00
265	shadow	25.69	144.00	1.00	85.19	255.00	1.00
266	shadow	25.69	144.00	1.00	85.19	255.00	1.00
267	shadow	25.69	144.00	1.00	85.19	255.00	1.00
268	transp_dark	23.08	182.00	7.00	87.98	255.00	1.00
269	transp_dark	23.08	182.00	7.00	87.98	255.00	1.00
270	transp_dark	23.08	182.00	7.00	87.98	255.00	1.00
271	transp_med	74.02	179.00	6.00	87.76	255.00	1.00
272	transp_med	74.02	179.00	6.00	87.76	255.00	1.00
273	transp_med	74.02	179.00	6.00	87.76	255.00	1.00
274	plain	83.48	255.00	1.00	83.48	255.00	1.00
275	plain	83.48	255.00	1.00	83.48	255.00	1.00
276	plain	83.48	255.00	1.00	83.48	255.00	1.00
277	transp_med_steep	75.13	165.00	22.00	85.34	255.00	1.00
278	transp_med_steep	75.13	165.00	22.00	85.34	255.00	1.00
279	transp_med_steep	75.13	165.00	22.00	85.34	255.00	1.00
280	transp_dark	23.63	182.00	2.00	87.42	231.00	1.00
281	transp_dark	23.63	182.00	2.00	87.42	231.00	1.00
282	transp_dark	23.63	182.00	2.00	87.42	231.00	1.00
283	plain	81.09	255.00	1.00	81.09	255.00	1.00
284	plain	81.09	255.00	1.00	81.09	255.00	1.00
285	plain	81.09	255.00	1.00	81.09	255.00	1.00
286	transp_dark_steep	32.86	229.00	5.00	89.35	255.00	1.00
287	transp_dark_steep	32.86	229.00	5.00	89.35	255.00	1.00
288	transp_dark_steep	32.86	229.00	5.00	89.35	255.00	1.00
289	plain	83.39	255.00	1.00	83.39	255.00	1.00
290	plain	83.39	255.00	1.00	83.39	255.00	1.00
291	plain	83.39	255.00	1.00	83.39	255.00	1.00
292	shadow	20.10	115.00	1.00	83.46	255.00	1.00
293	shadow	20.10	115.00	1.00	83.46	255.00	1.00
294	shadow	20.10	115.00	1.00	83.46	255.00	1.00
295	transp_med_steep	75.02	138.00	4.00	86.08	250.00	1.00
296	transp_med_steep	75.02	138.00	4.00	86.08	250.00	1.00
297	transp_med_steep	75.02	138.00	4.00	86.08	250.00	1.00
298	transp_med	76.68	167.00	4.00	88.83	251.00	2.00
299	transp_med	76.68	167.00	4.00	88.83	251.00	2.00
300	transp_med	76.68	167.00	4.00	88.83	251.00	2.00
301	transp_dark_steep	32.70	105.00	6.00	87.71	255.00	1.00
302	transp_dark_steep	32.70	105.00	6.00	87.71	255.00	1.00
303	transp_dark_steep	32.70	105.00	6.00	87.71	255.00	1.00
304	shadow	19.40	137.00	1.00	81.32	255.00	1.00
305	shadow	19.40	137.00	1.00	81.32	255.00	1.00
306	shadow	19.40	137.00	1.00	81.32	255.00	1.00
307	transp_dark_steep	35.75	184.00	6.00	89.23	255.00	1.00
308	transp_dark_steep	35.75	184.00	6.00	89.23	255.00	1.00
309	transp_dark_steep	35.75	184.00	6.00	89.23	255.00	1.00
310	plain	87.07	255.00	1.00	87.07	255.00	1.00
311	plain	87.07	255.00	1.00	87.07	255.00	1.00
312	plain	87.07	255.00	1.00	87.07	255.00	1.00
313	transp_med_steep	77.41	179.00	28.00	88.70	255.00	1.00
314	transp_med_steep	77.41	179.00	28.00	88.70	255.00	1.00
315	transp_med_steep	77.41	179.00	28.00	88.70	255.00	1.00
316	plain	82.79	255.00	2.00	82.79	255.00	2.00
317	plain	82.79	255.00	2.00	82.79	255.00	2.00
318	plain	82.79	255.00	2.00	82.79	255.00	2.00
319	plain	82.78	255.00	1.00	82.78	255.00	1.00
320	plain	82.78	255.00	1.00	82.78	255.00	1.00
321	plain	82.78	255.00	1.00	82.78	255.00	1.00
322	transp_med	76.34	229.00	8.00	87.79	255.00	1.00
323	transp_med	76.34	229.00	8.00	87.79	255.00	1.00
324	transp_med	76.34	229.00	8.00	87.79	255.00	1.00
325	transp_dark_steep	38.22	184.00	6.00	88.74	222.00	1.00
326	transp_dark_steep	38.22	184.00	6.00	88.74	222.00	1.00
327	transp_dark_steep	38.22	184.00	6.00	88.74	222.00	1.00
328	shadow	25.59	140.00	1.00	83.19	255.00	1.00
329	shadow	25.59	140.00	1.00	83.19	255.00	1.00
330	shadow	25.59	140.00	1.00	83.19	255.00	1.00
331	transp_med	74.03	127.00	10.00	88.01	255.00	1.00
332	transp_med	74.03	127.00	10.00	88.01	255.00	1.00
333	transp_med	74.03	127.00	10.00	88.01	255.00	1.00
334	shadow	19.05	140.00	1.00	81.13	255.00	1.00
335	shadow	19.05	140.00	1.00	81.13	255.00	1.00
336	shadow	19.05	140.00	1.00	81.13	255.00	1.00
337	plain	83.76	255.00	2.00	83.76	255.00	2.00
338	plain	83.76	255.00	2.00	83.76	255.00	2.00
339	plain	83.76	255.00	2.00	83.76	255.00	2.00
340	plain	85.06	255.00	1.00	85.06	255.00	1.00
341	plain	85.06	255.00	1.00	85.06	255.00	1.00
342	plain	85.06	255.00	1.00	85.06	255.00	1.00
343	transp_dark_steep	33.46	156.00	5.00	88.65	255.00	1.00
344	transp_dark_steep	33.46	156.00	5.00	88.65	255.00	1.00
345	transp_dark_steep	33.46	156.00	5.00	88.65	255.00	1.00
346	plain	84.53	251.00	2.00	84.53	251.00	2.00
347	plain	84.53	251.00	2.00	84.53	251.00	2.00
348	plain	84.53	251.00	2.00	84.53	251.00	2.00
349	transp_dark	21.09	134.00	1.00	84.29	255.00	1.00
350	transp_dark	21.09	134.00	1.00	84.29	255.00	1.00
351	transp_dark	21.09	134.00	1.00	84.29	255.00	1.00
352	plain	85.18	254.00	1.00	85.18	254.00	1.00
353	plain	85.18	254.00	1.00	85.18	254.00	1.00
354	plain	85.18	254.00	1.00	85.18	254.00	1.00
355	plain	87.17	255.00	1.00	87.17	255.00	1.00
356	plain	87.17	255.00	1.00	87.17	255.00	1.00
357	plain	87.17	255.00	1.00	87.17	255.00	1.00
358	transp_med_steep	73.56	138.00	6.00	89.03	255.00	1.00
359	transp_med_steep	73.56	138.00	6.00	89.03	255.00	1.00
360	transp_med_steep	73.56	138.00	6.00	89.03	255.00	1.00
361	plain	88.60	255.00	1.00	88.60	255.00	1.00
362	plain	88.60	255.00	1.00	88.60	255.00	1.00
363	plain	88.60	255.00	1.00	88.60	255.00	1.00
364	transp_dark	20.42	166.00	7.00	86.56	255.00	1.00
365	transp_dark	20.42	166.00	7.00	86.56	255.00	1.00
366	transp_dark	20.42	166.00	7.00	86.56	255.00	1.00
367	transp_dark	21.43	123.00	7.00	88.76	255.00	1.00
368	transp_dark	21.43	123.00	7.00	88.76	255.00	1.00
369	transp_dark	21.43	123.00	7.00	88.76	255.00	1.00
370	shadow	21.92	130.00	1.00	82.09	255.00	1.00
371	shadow	21.92	130.00	1.00	82.09	255.00	1.00
372	shadow	21.92	130.00	1.00	82.09	255.00	1.00
373	transp_dark	21.49	178.00	7.00	87.30	240.00	1.00
374	transp_dark	21.49	178.00	7.00	87.30	240.00	1.00
375	transp_dark	21.49	178.00	7.00	87.30	240.00	1.00
376	shadow	25.69	144.00	1.00	85.19	255.00	1.00
377	shadow	25.69	144.00	1.00	85.19	255.00	1.00
378	shadow	25.69	144.00	1.00	85.19	255.00	1.00
379	transp_dark_steep	33.23	121.00	4.00	88.31	255.00	1.00
380	transp_dark_steep	33.23	121.00	4.00	88.31	255.00	1.00
381	transp_dark_steep	33.23	121.00	4.00	88.31	255.00	1.00
382	plain	86.73	255.00	1.00	86.73	255.00	1.00
383	plain	86.73	255.00	1.00	86.73	255.00	1.00
384	plain	86.73	255.00	1.00	86.73	255.00	1.00
385	transp_dark	24.30	182.00	7.00	88.97	255.00	2.00
386	transp_dark	24.30	182.00	7.00	88.97	255.00	2.00
387	transp_dark	24.30	182.00	7.00	88.97	255.00	2.00
388	plain	83.39	255.00	1.00	83.39	255.00	1.00
389	plain	83.39	255.00	1.00	83.39	255.00	1.00
390	plain	83.39	255.00	1.00	83.39	255.00	1.00
391	transp_med_steep	72.11	179.00	2.00	91.80	255.00	2.00
392	transp_med_steep	72.11	179.00	2.00	91.80	255.00	2.00
393	transp_med_steep	72.11	179.00	2.00	91.80	255.00	2.00
394	shadow	24.50	133.00	1.00	82.33	255.00	1.00
395	shadow	24.50	133.00	1.00	82.33	255.00	1.00
396	shadow	24.50	133.00	1.00	82.33	255.00	1.00
397	transp_med_steep	75.02	138.00	4.00	86.08	250.00	1.00
398	transp_med_steep	75.02	138.00	4.00	86.08	250.00	1.00
399	transp_med_steep	75.02	138.00	4.00	86.08	250.00	1.00
400	shadow	21.15	135.00	1.00	84.47	255.00	1.00
401	shadow	21.15	135.00	1.00	84.47	255.00	1.00
402	shadow	21.15	135.00	1.00	84.47	255.00	1.00
403	transp_dark	20.77	229.00	6.00	86.67	255.00	2.00
404	transp_dark	20.77	229.00	6.00	86.67	255.00	2.00
405	transp_dark	20.77	229.00	6.00	86.67	255.00	2.00
406	plain	81.32	255.00	1.00	81.32	255.00	1.00
407	plain	81.32	255.00	1.00	81.32	255.00	1.00
408	plain	81.32	255.00	1.00	81.32	255.00	1.00
409	plain	84.53	251.00	2.00	84.53	251.00	2.00
410	plain	84.53	251.00	2.00	84.53	251.00	2.00
411	plain	84.53	251.00	2.00	84.53	251.00	2.00
412	plain	81.09	255.00	1.00	81.09	255.00	1.00
413	plain	81.09	255.00	1.00	81.09	255.00	1.00
414	plain	81.09	255.00	1.00	81.09	255.00	1.00
415	transp_dark	22.15	93.00	1.00	87.40	255.00	1.00
416	transp_dark	22.15	93.00	1.00	87.40	255.00	1.00
417	transp_dark	22.15	93.00	1.00	87.40	255.00	1.00
418	transp_med	75.21	142.00	6.00	87.81	255.00	1.00
419	transp_med	75.21	142.00	6.00	87.81	255.00	1.00
420	transp_med	75.21	142.00	6.00	87.81	255.00	1.00
421	plain	83.76	255.00	2.00	83.76	255.00	2.00
422	plain	83.76	255.00	2.00	83.76	255.00	2.00
423	plain	83.76	255.00	2.00	83.76	255.00	2.00
424	transp_dark_steep	33.46	156.00	5.00	88.65	255.00	1.00
425	transp_dark_steep	33.46	156.00	5.00	88.65	255.00	1.00
426	transp_dark_steep	33.46	156.00	5.00	88.65	255.00	1.00
427	shadow	21.49	118.00	1.00	80.30	240.00	1.00
428	shadow	21.49	118.00	1.00	80.30	240.00	1.00
429	shadow	21.49	118.00	1.00	80.30	240.00	1.00
430	transp_med_steep	76.22	182.00	2.00	86.95	244.00	2.00
431	transp_med_steep	76.22	182.00	2.00	86.95	244.00	2.00
432	transp_med_steep	76.22	182.00	2.00	86.95	244.00	2.00
433	transp_dark_steep	32.65	164.00	6.00	88.13	255.00	2.00
434	transp_dark_steep	32.65	164.00	6.00	88.13	255.00	2.00
435	transp_dark_steep	32.65	164.00	6.00	88.13	255.00	2.00
436	transp_med	76.60	154.00	34.00	87.89	247.00	1.00
437	transp_med	76.60	154.00	34.00	87.89	247.00	1.00
438	transp_med	76.60	154.00	34.00	87.89	247.00	1.00
439	transp_med	73.60	136.00	24.00	89.43	255.00	2.00
440	transp_med	73.60	136.00	24.00	89.43	255.00	2.00
441	transp_med	73.60	136.00	24.00	89.43	255.00	2.00
442	transp_med_steep	73.16	143.00	12.00	88.46	255.00	1.00
443	transp_med_steep	73.16	143.00	12.00	88.46	255.00	1.00
444	transp_med_steep	73.16	143.00	12.00	88.46	255.00	1.00
445	transp_med	73.57	116.00	12.00	89.88	255.00	1.00
446	transp_med	73.57	116.00	12.00	89.88	255.00	1.00
447	transp_med	73.57	116.00	12.00	89.88	255.00	1.00
448	transp_med	75.44	129.00	7.00	87.78	255.00	1.00
449	transp_med	75.44	129.00	7.00	87.78	255.00	1.00
450	transp_med	75.44	129.00	7.00	87.78	255.00	1.00
451	transp_med	74.02	179.00	6.00	87.76	255.00	1.00
452	transp_med	74.02	179.00	6.00	87.76	255.00	1.00
453	transp_med	74.02	179.00	6.00	87.76	255.00	1.00
454	transp_dark	23.49	96.00	4.00	87.91	255.00	2.00
455	transp_dark	23.49	96.00	4.00	87.91	255.00	2.00
456	transp_dark	23.49	96.00	4.00	87.91	255.00	2.00
457	shadow	16.13	144.00	1.00	84.86	255.00	1.00
458	shadow	16.13	144.00	1.00	84.86	255.00	1.00
459	shadow	16.13	144.00	1.00	84.86	255.00	1.00
460	shadow	20.21	91.00	1.00	83.26	241.00	1.00
461	shadow	20.21	91.00	1.00	83.26	241.00	1.00
462	shadow	20.21	91.00	1.00	83.26	241.00	1.00
463	transp_dark	23.08	182.00	7.00	87.98	255.00	1.00
464	transp_dark	23.08	182.00	7.00	87.98	255.00	1.00
465	transp_dark	23.08	182.00	7.00	87.98	255.00	1.00
466	transp_med_steep	76.32	142.00	6.00	88.29	255.00	1.00
467	transp_med_steep	76.32	142.00	6.00	88.29	255.00	1.00
468	transp_med_steep	76.32	142.00	6.00	88.29	255.00	1.00
469	plain	85.06	255.00	1.00	85.06	255.00	1.00
470	plain	85.06	255.00	1.00	85.06	255.00	1.00
471	plain	85.06	255.00	1.00	85.06	255.00	1.00
472	transp_med_steep	73.87	162.00	7.00	84.64	244.00	1.00
473	transp_med_steep	73.87	162.00	7.00	84.64	244.00	1.00
474	transp_med_steep	73.87	162.00	7.00	84.64	244.00	1.00
475	plain	82.15	255.00	1.00	82.15	255.00	1.00
476	plain	82.15	255.00	1.00	82.15	255.00	1.00
477	plain	82.15	255.00	1.00	82.15	255.00	1.00
478	transp_dark_steep	36.43	189.00	5.00	86.26	244.00	1.00
479	transp_dark_steep	36.43	189.00	5.00	86.26	244.00	1.00
480	transp_dark_steep	36.43	189.00	5.00	86.26	244.00	1.00
481	transp_med_steep	72.32	132.00	12.00	88.25	255.00	1.00
482	transp_med_steep	72.32	132.00	12.00	88.25	255.00	1.00
483	transp_med_steep	72.32	132.00	12.00	88.25	255.00	1.00
484	transp_med	76.09	195.00	13.00	89.15	255.00	1.00
485	transp_med	76.09	195.00	13.00	89.15	255.00	1.00
486	transp_med	76.09	195.00	13.00	89.15	255.00	1.00
487	transp_dark_steep	39.97	179.00	7.00	86.77	255.00	1.00
488	transp_dark_steep	39.97	179.00	7.00	86.77	255.00	1.00
489	transp_dark_steep	39.97	179.00	7.00	86.77	255.00	1.00
490	transp_med_steep	76.80	174.00	10.00	89.32	255.00	1.00
491	transp_med_steep	76.80	174.00	10.00	89.32	255.00	1.00
492	transp_med_steep	76.80	174.00	10.00	89.32	255.00	1.00
493	transp_med_steep	73.56	138.00	6.00	89.03	255.00	1.00
494	transp_med_steep	73.56	138.00	6.00	89.03	255.00	1.00
495	transp_med_steep	73.56	138.00	6.00	89.03	255.00	1.00
496	shadow	24.57	144.00	2.00	82.73	247.00	1.00
497	shadow	24.57	144.00	2.00	82.73	247.00	1.00
498	shadow	24.57	144.00	2.00	82.73	247.00	1.00
499	transp_med	76.34	229.00	8.00	87.79	255.00	1.00
500	transp_med	76.34	229.00	8.00	87.79	255.00	1.00
501	transp_med	76.34	229.00	8.00	87.79	255.00	1.00
502	shadow	19.40	137.00	1.00	81.32	255.00	1.00
503	shadow	19.40	137.00	1.00	81.32	255.00	1.00
504	shadow	19.40	137.00	1.00	81.32	255.00	1.00
505	transp_dark	22.86	162.00	7.00	89.59	255.00	4.00
506	transp_dark	22.86	162.00	7.00	89.59	255.00	4.00
507	transp_dark	22.86	162.00	7.00	89.59	255.00	4.00
508	transp_dark_steep	33.85	141.00	1.00	89.11	255.00	1.00
509	transp_dark_steep	33.85	141.00	1.00	89.11	255.00	1.00
510	transp_dark_steep	33.85	141.00	1.00	89.11	255.00	1.00
511	shadow	19.05	140.00	1.00	81.13	255.00	1.00
512	shadow	19.05	140.00	1.00	81.13	255.00	1.00
513	shadow	19.05	140.00	1.00	81.13	255.00	1.00
514	transp_med	76.68	167.00	4.00	88.83	251.00	2.00
515	transp_med	76.68	167.00	4.00	88.83	251.00	2.00
516	transp_med	76.68	167.00	4.00	88.83	251.00	2.00
517	transp_dark	24.40	182.00	7.00	86.38	217.00	1.00
518	transp_dark	24.40	182.00	7.00	86.38	217.00	1.00
519	transp_dark	24.40	182.00	7.00	86.38	217.00	1.00
520	plain	80.87	255.00	1.00	80.87	255.00	1.00
521	plain	80.87	255.00	1.00	80.87	255.00	1.00
522	plain	80.87	255.00	1.00	80.87	255.00	1.00
523	shadow	26.06	138.00	1.00	82.92	255.00	1.00
524	shadow	26.06	138.00	1.00	82.92	255.00	1.00
525	shadow	26.06	138.00	1.00	82.92	255.00	1.00
526	transp_dark	23.63	182.00	2.00	87.42	231.00	1.00
527	transp_dark	23.63	182.00	2.00	87.42	231.00	1.00
528	transp_dark	23.63	182.00	2.00	87.42	231.00	1.00
529	transp_med_steep	78.87	138.00	6.00	88.27	255.00	1.00
530	transp_med_steep	78.87	138.00	6.00	88.27	255.00	1.00
531	transp_med_steep	78.87	138.00	6.00	88.27	255.00	1.00
532	shadow	20.72	110.00	1.00	81.70	255.00	1.00
533	shadow	20.72	110.00	1.00	81.70	255.00	1.00
534	shadow	20.72	110.00	1.00	81.70	255.00	1.00
535	transp_med_steep	75.28	139.00	2.00	87.67	255.00	1.00
536	transp_med_steep	75.28	139.00	2.00	87.67	255.00	1.00
537	transp_med_steep	75.28	139.00	2.00	87.67	255.00	1.00
538	transp_med_steep	72.68	138.00	7.00	89.09	255.00	1.00
539	transp_med_steep	72.68	138.00	7.00	89.09	255.00	1.00
540	transp_med_steep	72.68	138.00	7.00	89.09	255.00	1.00
541	plain	82.97	255.00	1.00	82.97	255.00	1.00
542	plain	82.97	255.00	1.00	82.97	255.00	1.00
543	plain	82.97	255.00	1.00	82.97	255.00	1.00
544	transp_med	73.92	179.00	18.00	87.95	233.00	1.00
545	transp_med	73.92	179.00	18.00	87.95	233.00	1.00
546	transp_med	73.92	179.00	18.00	87.95	233.00	1.00
547	transp_dark_steep	34.76	115.00	6.00	88.69	251.00	1.00
548	transp_dark_steep	34.76	115.00	6.00	88.69	251.00	1.00
549	transp_dark_steep	34.76	115.00	6.00	88.69	251.00	1.00
550	transp_med_steep	66.71	171.00	1.00	86.09	255.00	1.00
551	transp_med_steep	66.71	171.00	1.00	86.09	255.00	1.00
552	transp_med_steep	66.71	171.00	1.00	86.09	255.00	1.00
553	transp_dark_steep	38.22	184.00	6.00	88.74	222.00	1.00
554	transp_dark_steep	38.22	184.00	6.00	88.74	222.00	1.00
555	transp_dark_steep	38.22	184.00	6.00	88.74	222.00	1.00
556	transp_dark	19.96	129.00	6.00	88.15	255.00	1.00
557	transp_dark	19.96	129.00	6.00	88.15	255.00	1.00
558	transp_dark	19.96	129.00	6.00	88.15	255.00	1.00
559	transp_med	74.99	178.00	16.00	88.69	255.00	1.00
560	transp_med	74.99	178.00	16.00	88.69	255.00	1.00
561	transp_med	74.99	178.00	16.00	88.69	255.00	1.00
562	transp_dark_steep	32.86	229.00	5.00	89.35	255.00	1.00
563	transp_dark_steep	32.86	229.00	5.00	89.35	255.00	1.00
564	transp_dark_steep	32.86	229.00	5.00	89.35	255.00	1.00
565	shadow	20.10	115.00	1.00	83.46	255.00	1.00
566	shadow	20.10	115.00	1.00	83.46	255.00	1.00
567	shadow	20.10	115.00	1.00	83.46	255.00	1.00
568	shadow	25.00	143.00	1.00	83.64	255.00	1.00
569	shadow	25.00	143.00	1.00	83.64	255.00	1.00
570	shadow	25.00	143.00	1.00	83.64	255.00	1.00
571	transp_med_steep	73.96	174.00	6.00	88.74	255.00	2.00
572	transp_med_steep	73.96	174.00	6.00	88.74	255.00	2.00
573	transp_med_steep	73.96	174.00	6.00	88.74	255.00	2.00
574	transp_dark_steep	33.18	179.00	6.00	86.59	255.00	1.00
575	transp_dark_steep	33.18	179.00	6.00	86.59	255.00	1.00
576	transp_dark_steep	33.18	179.00	6.00	86.59	255.00	1.00
577	transp_dark_steep	35.11	182.00	6.00	85.52	255.00	1.00
578	transp_dark_steep	35.11	182.00	6.00	85.52	255.00	1.00
579	transp_dark_steep	35.11	182.00	6.00	85.52	255.00	1.00
580	shadow	25.59	140.00	1.00	83.19	255.00	1.00
581	shadow	25.59	140.00	1.00	83.19	255.00	1.00
582	shadow	25.59	140.00	1.00	83.19	255.00	1.00
583	transp_med	74.59	139.00	7.00	90.47	255.00	4.00
584	transp_med	74.59	139.00	7.00	90.47	255.00	4.00
585	transp_med	74.59	139.00	7.00	90.47	255.00	4.00
586	transp_dark_steep	35.96	97.00	1.00	87.49	255.00	1.00
587	transp_dark_steep	35.96	97.00	1.00	87.49	255.00	1.00
588	transp_dark_steep	35.96	97.00	1.00	87.49	255.00	1.00
589	plain	83.48	255.00	1.00	83.48	255.00	1.00
590	plain	83.48	255.00	1.00	83.48	255.00	1.00
591	plain	83.48	255.00	1.00	83.48	255.00	1.00
592	transp_med	73.78	178.00	11.00	90.03	255.00	4.00
593	transp_med	73.78	178.00	11.00	90.03	255.00	4.00
594	transp_med	73.78	178.00	11.00	90.03	255.00	4.00
595	transp_dark	23.29	141.00	7.00	87.50	255.00	1.00
596	transp_dark	23.29	141.00	7.00	87.50	255.00	1.00
597	transp_dark	23.29	141.00	7.00	87.50	255.00	1.00
598	plain	82.78	255.00	1.00	82.78	255.00	1.00
599	plain	82.78	255.00	1.00	82.78	255.00	1.00
600	plain	82.78	255.00	1.00	82.78	255.00	1.00
601	transp_med	73.44	169.00	9.00	86.97	255.00	2.00
602	transp_med	73.44	169.00	9.00	86.97	255.00	2.00
603	transp_med	73.44	169.00	9.00	86.97	255.00	2.00
604	transp_med_steep	69.38	136.00	4.00	86.50	255.00	1.00
605	transp_med_steep	69.38	136.00	4.00	86.50	255.00	1.00
606	transp_med_steep	69.38	136.00	4.00	86.50	255.00	1.00
607	transp_med_steep	73.17	182.00	2.00	89.14	255.00	2.00
608	transp_med_steep	73.17	182.00	2.00	89.14	255.00	2.00
609	transp_med_steep	73.17	182.00	2.00	89.14	255.00	2.00
610	shadow	19.94	114.00	1.00	79.77	255.00	1.00
611	shadow	19.94	114.00	1.00	79.77	255.00	1.00
612	shadow	19.94	114.00	1.00	79.77	255.00	1.00
613	transp_med	72.82	142.00	4.00	90.51	251.00	4.00
614	transp_med	72.82	142.00	4.00	90.51	251.00	4.00
615	transp_med	72.82	142.00	4.00	90.51	251.00	4.00
616	transp_dark_steep	34.48	229.00	6.00	88.99	255.00	1.00
617	transp_dark_steep	34.48	229.00	6.00	88.99	255.00	1.00
618	transp_dark_steep	34.48	229.00	6.00	88.99	255.00	1.00
619	transp_med	74.08	144.00	18.00	89.34	255.00	1.00
620	transp_med	74.08	144.00	18.00	89.34	255.00	1.00
621	transp_med	74.08	144.00	18.00	89.34	255.00	1.00
622	transp_dark	22.60	110.00	6.00	88.10	255.00	1.00
623	transp_dark	22.60	110.00	6.00	88.10	255.00	1.00
624	transp_dark	22.60	110.00	6.00	88.10	255.00	1.00
625	transp_dark	21.09	134.00	1.00	84.29	255.00	1.00
626	transp_dark	21.09	134.00	1.00	84.29	255.00	1.00
627	transp_dark	21.09	134.00	1.00	84.29	255.00	1.00
628	transp_dark_steep	35.75	184.00	6.00	89.23	255.00	1.00
629	transp_dark_steep	35.75	184.00	6.00	89.23	255.00	1.00
630	transp_dark_steep	35.75	184.00	6.00	89.23	255.00	1.00
631	transp_med_steep	77.41	179.00	28.00	88.70	255.00	1.00
632	transp_med_steep	77.41	179.00	28.00	88.70	255.00	1.00
633	transp_med_steep	77.41	179.00	28.00	88.70	255.00	1.00
634	transp_dark	23.27	93.00	8.00	86.58	250.00	1.00
635	transp_dark	23.27	93.00	8.00	86.58	250.00	1.00
636	transp_dark	23.27	93.00	8.00	86.58	250.00	1.00
637	transp_dark_steep	30.61	132.00	5.00	87.61	255.00	2.00
638	transp_dark_steep	30.61	132.00	5.00	87.61	255.00	2.00
639	transp_dark_steep	30.61	132.00	5.00	87.61	255.00	2.00
640	plain	82.79	255.00	2.00	82.79	255.00	2.00
641	plain	82.79	255.00	2.00	82.79	255.00	2.00
642	plain	82.79	255.00	2.00	82.79	255.00	2.00
643	transp_dark_steep	33.82	182.00	6.00	88.19	255.00	2.00
644	transp_dark_steep	33.82	182.00	6.00	88.19	255.00	2.00
645	transp_dark_steep	33.82	182.00	6.00	88.19	255.00	2.00
646	transp_dark_steep	31.06	124.00	6.00	88.16	255.00	1.00
647	transp_dark_steep	31.06	124.00	6.00	88.16	255.00	1.00
648	transp_dark_steep	31.06	124.00	6.00	88.16	255.00	1.00
649	transp_dark	21.47	162.00	1.00	86.56	255.00	1.00
650	transp_dark	21.47	162.00	1.00	86.56	255.00	1.00
651	transp_dark	21.47	162.00	1.00	86.56	255.00	1.00
652	transp_dark_steep	34.10	229.00	6.00	89.04	255.00	2.00
653	transp_dark_steep	34.10	229.00	6.00	89.04	255.00	2.00
654	transp_dark_steep	34.10	229.00	6.00	89.04	255.00	2.00
655	plain	85.18	254.00	1.00	85.18	254.00	1.00
656	plain	85.18	254.00	1.00	85.18	254.00	1.00
657	plain	85.18	254.00	1.00	85.18	254.00	1.00
658	transp_med	73.78	141.00	4.00	85.80	255.00	1.00
659	transp_med	73.78	141.00	4.00	85.80	255.00	1.00
660	transp_med	73.78	141.00	4.00	85.80	255.00	1.00
661	plain	85.85	255.00	1.00	85.85	255.00	1.00
662	plain	85.85	255.00	1.00	85.85	255.00	1.00
663	plain	85.85	255.00	1.00	85.85	255.00	1.00
664	transp_dark_steep	36.13	142.00	4.00	87.67	255.00	1.00
665	transp_dark_steep	36.13	142.00	4.00	87.67	255.00	1.00
666	transp_dark_steep	36.13	142.00	4.00	87.67	255.00	1.00
667	transp_dark	22.94	141.00	1.00	88.10	255.00	1.00
668	transp_dark	22.94	141.00	1.00	88.10	255.00	1.00
669	transp_dark	22.94	141.00	1.00	88.10	255.00	1.00
670	transp_med	74.03	127.00	10.00	88.01	255.00	1.00
671	transp_med	74.03	127.00	10.00	88.01	255.00	1.00
672	transp_med	74.03	127.00	10.00	88.01	255.00	1.00
673	shadow	27.23	130.00	1.00	79.65	247.00	1.00
674	shadow	27.23	130.00	1.00	79.65	247.00	1.00
675	shadow	27.23	130.00	1.00	79.65	247.00	1.00
676	plain	83.99	255.00	1.00	83.99	255.00	1.00
677	plain	83.99	255.00	1.00	83.99	255.00	1.00
678	plain	83.99	255.00	1.00	83.99	255.00	1.00
679	plain	84.57	255.00	1.00	84.57	255.00	1.00
680	plain	84.57	255.00	1.00	84.57	255.00	1.00
681	plain	84.57	255.00	1.00	84.57	255.00	1.00
682	transp_med	75.98	160.00	7.00	88.64	255.00	2.00
683	transp_med	75.98	160.00	7.00	88.64	255.00	2.00
684	transp_med	75.98	160.00	7.00	88.64	255.00	2.00
685	shadow	23.77	106.00	1.00	83.07	255.00	2.00
686	shadow	23.77	106.00	1.00	83.07	255.00	2.00
687	shadow	23.77	106.00	1.00	83.07	255.00	2.00
688	shadow	18.35	143.00	1.00	80.11	217.00	1.00
689	shadow	18.35	143.00	1.00	80.11	217.00	1.00
690	shadow	18.35	143.00	1.00	80.11	217.00	1.00
691	transp_med_steep	72.45	142.00	2.00	86.96	255.00	1.00
692	transp_med_steep	72.45	142.00	2.00	86.96	255.00	1.00
693	transp_med_steep	72.45	142.00	2.00	86.96	255.00	1.00
694	plain	87.17	255.00	1.00	87.17	255.00	1.00
695	plain	87.17	255.00	1.00	87.17	255.00	1.00
696	plain	87.17	255.00	1.00	87.17	255.00	1.00
697	transp_med_steep	75.13	165.00	22.00	85.34	255.00	1.00
698	transp_med_steep	75.13	165.00	22.00	85.34	255.00	1.00
699	transp_med_steep	75.13	165.00	22.00	85.34	255.00	1.00
700	transp_dark_steep	32.70	105.00	6.00	87.71	255.00	1.00
701	transp_dark_steep	32.70	105.00	6.00	87.71	255.00	1.00
702	transp_dark_steep	32.70	105.00	6.00	87.71	255.00	1.00
703	transp_med	74.85	168.00	6.00	88.44	255.00	1.00
704	transp_med	74.85	168.00	6.00	88.44	255.00	1.00
705	transp_med	74.85	168.00	6.00	88.44	255.00	1.00
706	transp_dark	22.29	182.00	1.00	86.29	255.00	1.00
707	transp_dark	22.29	182.00	1.00	86.29	255.00	1.00
708	transp_dark	22.29	182.00	1.00	86.29	255.00	1.00
709	shadow	22.28	115.00	2.00	79.92	255.00	1.00
710	shadow	22.28	115.00	2.00	79.92	255.00	1.00
711	shadow	22.28	115.00	2.00	79.92	255.00	1.00
712	transp_dark	22.11	171.00	5.00	86.49	245.00	1.00
713	transp_dark	22.11	171.00	5.00	86.49	245.00	1.00
714	transp_dark	22.11	171.00	5.00	86.49	245.00	1.00
715	plain	87.07	255.00	1.00	87.07	255.00	1.00
716	plain	87.07	255.00	1.00	87.07	255.00	1.00
717	plain	87.07	255.00	1.00	87.07	255.00	1.00
718	transp_med_steep	74.55	161.00	27.00	88.44	255.00	1.00
719	transp_med_steep	74.55	161.00	27.00	88.44	255.00	1.00
720	transp_med_steep	74.55	161.00	27.00	88.44	255.00	1.00
