idx medium mean_grey max_grey min_grey mean_bg_grey max_bg_grey min_bg_grey
1	shadow	25.00	143.00	1.00	83.64	255.00	1.00
2	shadow	25.00	143.00	1.00	83.64	255.00	1.00
3	shadow	25.00	143.00	1.00	83.64	255.00	1.00
4	transp_med	74.08	144.00	18.00	89.34	255.00	1.00
5	transp_med	74.08	144.00	18.00	89.34	255.00	1.00
6	transp_med	74.08	144.00	18.00	89.34	255.00	1.00
7	transp_med	74.59	139.00	7.00	90.47	255.00	4.00
8	transp_med	74.59	139.00	7.00	90.47	255.00	4.00
9	transp_med	74.59	139.00	7.00	90.47	255.00	4.00
10	transp_dark	22.11	171.00	5.00	86.49	245.00	1.00
11	transp_dark	22.11	171.00	5.00	86.49	245.00	1.00
12	transp_dark	22.11	171.00	5.00	86.49	245.00	1.00
13	plain	88.60	255.00	1.00	88.60	255.00	1.00
14	plain	88.60	255.00	1.00	88.60	255.00	1.00
15	plain	88.60	255.00	1.00	88.60	255.00	1.00
16	plain	82.79	255.00	2.00	82.79	255.00	2.00
17	plain	82.79	255.00	2.00	82.79	255.00	2.00
18	plain	82.79	255.00	2.00	82.79	255.00	2.00
19	transp_dark_steep	33.46	156.00	5.00	88.65	255.00	1.00
20	transp_dark_steep	33.46	156.00	5.00	88.65	255.00	1.00
21	transp_dark_steep	33.46	156.00	5.00	88.65	255.00	1.00
22	plain	85.85	255.00	1.00	85.85	255.00	1.00
23	plain	85.85	255.00	1.00	85.85	255.00	1.00
24	plain	85.85	255.00	1.00	85.85	255.00	1.00
25	transp_med	73.57	116.00	12.00	89.88	255.00	1.00
26	transp_med	73.57	116.00	12.00	89.88	255.00	1.00
27	transp_med	73.57	116.00	12.00	89.88	255.00	1.00
28	shadow	24.57	144.00	2.00	82.73	247.00	1.00
29	shadow	24.57	144.00	2.00	82.73	247.00	1.00
30	shadow	24.57	144.00	2.00	82.73	247.00	1.00
31	transp_dark	24.30	182.00	7.00	88.97	255.00	2.00
32	transp_dark	24.30	182.00	7.00	88.97	255.00	2.00
33	transp_dark	24.30	182.00	7.00	88.97	255.00	2.00
34	shadow	18.35	143.00	1.00	80.11	217.00	1.00
35	shadow	18.35	143.00	1.00	80.11	217.00	1.00
36	shadow	18.35	143.00	1.00	80.11	217.00	1.00
37	transp_dark	22.86	162.00	7.00	89.59	255.00	4.00
38	transp_dark	22.86	162.00	7.00	89.59	255.00	4.00
39	transp_dark	22.86	162.00	7.00	89.59	255.00	4.00
40	transp_med	75.98	160.00	7.00	88.64	255.00	2.00
41	transp_med	75.98	160.00	7.00	88.64	255.00	2.00
42	transp_med	75.98	160.00	7.00	88.64	255.00	2.00
43	transp_med	74.85	168.00	6.00	88.44	255.00	1.00
44	transp_med	74.85	168.00	6.00	88.44	255.00	1.00
45	transp_med	74.85	168.00	6.00	88.44	255.00	1.00
46	transp_dark_steep	35.96	97.00	1.00	87.49	255.00	1.00
47	transp_dark_steep	35.96	97.00	1.00	87.49	255.00	1.00
48	transp_dark_steep	35.96	97.00	1.00	87.49	255.00	1.00
49	transp_dark_steep	33.82	182.00	6.00	88.19	255.00	2.00
50	transp_dark_steep	33.82	182.00	6.00	88.19	255.00	2.00
51	transp_dark_steep	33.82	182.00	6.00	88.19	255.00	2.00
52	plain	84.53	251.00	2.00	84.53	251.00	2.00
53	plain	84.53	251.00	2.00	84.53	251.00	2.00
54	plain	84.53	251.00	2.00	84.53	251.00	2.00
55	transp_med	74.03	127.00	10.00	88.01	255.00	1.00
56	transp_med	74.03	127.00	10.00	88.01	255.00	1.00
57	transp_med	74.03	127.00	10.00	88.01	255.00	1.00
58	shadow	25.69	144.00	1.00	85.19	255.00	1.00
59	shadow	25.69	144.00	1.00	85.19	255.00	1.00
60	shadow	25.69	144.00	1.00	85.19	255.00	1.00
61	transp_med	76.60	154.00	34.00	87.89	247.00	1.00
62	transp_med	76.60	154.00	34.00	87.89	247.00	1.00
63	transp_med	76.60	154.00	34.00	87.89	247.00	1.00
64	transp_dark	21.09	134.00	1.00	84.29	255.00	1.00
65	transp_dark	21.09	134.00	1.00	84.29	255.00	1.00
66	transp_dark	21.09	134.00	1.00	84.29	255.00	1.00
67	transp_dark	24.40	182.00	7.00	86.38	217.00	1.00
68	transp_dark	24.40	182.00	7.00	86.38	217.00	1.00
69	transp_dark	24.40	182.00	7.00	86.38	217.00	1.00
70	plain	87.17	255.00	1.00	87.17	255.00	1.00
71	plain	87.17	255.00	1.00	87.17	255.00	1.00
72	plain	87.17	255.00	1.00	87.17	255.00	1.00
73	plain	83.76	255.00	2.00	83.76	255.00	2.00
74	plain	83.76	255.00	2.00	83.76	255.00	2.00
75	plain	83.76	255.00	2.00	83.76	255.00	2.00
76	shadow	22.28	115.00	2.00	79.92	255.00	1.00
77	shadow	22.28	115.00	2.00	79.92	255.00	1.00
78	shadow	22.28	115.00	2.00	79.92	255.00	1.00
79	transp_med_steep	77.41	179.00	28.00	88.70	255.00	1.00
80	transp_med_steep	77.41	179.00	28.00	88.70	255.00	1.00
81	transp_med_steep	77.41	179.00	28.00	88.70	255.00	1.00
82	transp_med	73.92	179.00	18.00	87.95	233.00	1.00
83	transp_med	73.92	179.00	18.00	87.95	233.00	1.00
84	transp_med	73.92	179.00	18.00	87.95	233.00	1.00
85	plain	86.73	255.00	1.00	86.73	255.00	1.00
86	plain	86.73	255.00	1.00	86.73	255.00	1.00
87	plain	86.73	255.00	1.00	86.73	255.00	1.00
88	transp_med	72.82	142.00	4.00	90.51	251.00	4.00
89	transp_med	72.82	142.00	4.00	90.51	251.00	4.00
90	transp_med	72.82	142.00	4.00	90.51	251.00	4.00
91	transp_med_steep	73.87	162.00	7.00	84.64	244.00	1.00
92	transp_med_steep	73.87	162.00	7.00	84.64	244.00	1.00
93	transp_med_steep	73.87	162.00	7.00	84.64	244.00	1.00
94	transp_dark	23.49	96.00	4.00	87.91	255.00	2.00
95	transp_dark	23.49	96.00	4.00	87.91	255.00	2.00
96	transp_dark	23.49	96.00	4.00	87.91	255.00	2.00
97	transp_med_steep	72.45	142.00	2.00	86.96	255.00	1.00
98	transp_med_steep	72.45	142.00	2.00	86.96	255.00	1.00
99	transp_med_steep	72.45	142.00	2.00	86.96	255.00	1.00
100	transp_med_steep	74.55	161.00	27.00	88.44	255.00	1.00
101	transp_med_steep	74.55	161.00	27.00	88.44	255.00	1.00
102	transp_med_steep	74.55	161.00	27.00	88.44	255.00	1.00
103	transp_med	75.21	142.00	6.00	87.81	255.00	1.00
104	transp_med	75.21	142.00	6.00	87.81	255.00	1.00
105	transp_med	75.21	142.00	6.00	87.81	255.00	1.00
106	transp_med	73.44	169.00	9.00	86.97	255.00	2.00
107	transp_med	73.44	169.00	9.00	86.97	255.00	2.00
108	transp_med	73.44	169.00	9.00	86.97	255.00	2.00
109	transp_med_steep	72.11	179.00	2.00	91.80	255.00	2.00
110	transp_med_steep	72.11	179.00	2.00	91.80	255.00	2.00
111	transp_med_steep	72.11	179.00	2.00	91.80	255.00	2.00
112	shadow	21.49	118.00	1.00	80.30	240.00	1.00
113	shadow	21.49	118.00	1.00	80.30	240.00	1.00
114	shadow	21.49	118.00	1.00	80.30	240.00	1.00
115	transp_dark	22.60	110.00	6.00	88.10	255.00	1.00
116	transp_dark	22.60	110.00	6.00	88.10	255.00	1.00
117	transp_dark	22.60	110.00	6.00	88.10	255.00	1.00
118	plain	81.32	255.00	1.00	81.32	255.00	1.00
119	plain	81.32	255.00	1.00	81.32	255.00	1.00
120	plain	81.32	255.00	1.00	81.32	255.00	1.00
121	transp_dark	21.47	162.00	1.00	86.56	255.00	1.00
122	transp_dark	21.47	162.00	1.00	86.56	255.00	1.00
123	transp_dark	21.47	162.00	1.00	86.56	255.00	1.00
124	transp_med_steep	75.02	138.00	4.00	86.08	250.00	1.00
125	transp_med_steep	75.02	138.00	4.00	86.08	250.00	1.00
126	transp_med_steep	75.02	138.00	4.00	86.08	250.00	1.00
127	transp_med	74.99	178.00	16.00	88.69	255.00	1.00
128	transp_med	74.99	178.00	16.00	88.69	255.00	1.00
129	transp_med	74.99	178.00	16.00	88.69	255.00	1.00
130	shadow	26.06	138.00	1.00	82.92	255.00	1.00
131	shadow	26.06	138.00	1.00	82.92	255.00	1.00
132	shadow	26.06	138.00	1.00	82.92	255.00	1.00
133	transp_med	73.60	136.00	24.00	89.43	255.00	2.00
134	transp_med	73.60	136.00	24.00	89.43	255.00	2.00
135	transp_med	73.60	136.00	24.00	89.43	255.00	2.00
136	transp_med	76.09	195.00	13.00	89.15	255.00	1.00
137	transp_med	76.09	195.00	13.00	89.15	255.00	1.00
138	transp_med	76.09	195.00	13.00	89.15	255.00	1.00
139	shadow	23.77	106.00	1.00	83.07	255.00	2.00
140	shadow	23.77	106.00	1.00	83.07	255.00	2.00
141	shadow	23.77	106.00	1.00	83.07	255.00	2.00
142	transp_med	73.78	141.00	4.00	85.80	255.00	1.00
143	transp_med	73.78	141.00	4.00	85.80	255.00	1.00
144	transp_med	73.78	141.00	4.00	85.80	255.00	1.00
145	transp_dark	19.96	129.00	6.00	88.15	255.00	1.00
146	transp_dark	19.96	129.00	6.00	88.15	255.00	1.00
147	transp_dark	19.96	129.00	6.00	88.15	255.00	1.00
148	shadow	19.40	137.00	1.00	81.32	255.00	1.00
149	shadow	19.40	137.00	1.00	81.32	255.00	1.00
150	shadow	19.40	137.00	1.00	81.32	255.00	1.00
151	plain	87.07	255.00	1.00	87.07	255.00	1.00
152	plain	87.07	255.00	1.00	87.07	255.00	1.00
153	plain	87.07	255.00	1.00	87.07	255.00	1.00
154	plain	83.39	255.00	1.00	83.39	255.00	1.00
155	plain	83.39	255.00	1.00	83.39	255.00	1.00
156	plain	83.39	255.00	1.00	83.39	255.00	1.00
157	transp_dark	23.08	182.00	7.00	87.98	255.00	1.00
158	transp_dark	23.08	182.00	7.00	87.98	255.00	1.00
159	transp_dark	23.08	182.00	7.00	87.98	255.00	1.00
160	transp_med_steep	73.16	143.00	12.00	88.46	255.00	1.00
161	transp_med_steep	73.16	143.00	12.00	88.46	255.00	1.00
162	transp_med_steep	73.16	143.00	12.00	88.46	255.00	1.00
163	transp_dark_steep	32.86	229.00	5.00	89.35	255.00	1.00
164	transp_dark_steep	32.86	229.00	5.00	89.35	255.00	1.00
165	transp_dark_steep	32.86	229.00	5.00	89.35	255.00	1.00
166	plain	84.57	255.00	1.00	84.57	255.00	1.00
167	plain	84.57	255.00	1.00	84.57	255.00	1.00
168	plain	84.57	255.00	1.00	84.57	255.00	1.00
169	transp_dark	20.77	229.00	6.00	86.67	255.00	2.00
170	transp_dark	20.77	229.00	6.00	86.67	255.00	2.00
171	transp_dark	20.77	229.00	6.00	86.67	255.00	2.00
172	plain	82.97	255.00	1.00	82.97	255.00	1.00
173	plain	82.97	255.00	1.00	82.97	255.00	1.00
174	plain	82.97	255.00	1.00	82.97	255.00	1.00
175	transp_dark_steep	34.48	229.00	6.00	88.99	255.00	1.00
176	transp_dark_steep	34.48	229.00	6.00	88.99	255.00	1.00
177	transp_dark_steep	34.48	229.00	6.00	88.99	255.00	1.00
178	transp_med_steep	66.71	171.00	1.00	86.09	255.00	1.00
179	transp_med_steep	66.71	171.00	1.00	86.09	255.00	1.00
180	transp_med_steep	66.71	171.00	1.00	86.09	255.00	1.00
181	plain	82.15	255.00	1.00	82.15	255.00	1.00
182	plain	82.15	255.00	1.00	82.15	255.00	1.00
183	plain	82.15	255.00	1.00	82.15	255.00	1.00
184	transp_med_steep	72.32	132.00	12.00	88.25	255.00	1.00
185	transp_med_steep	72.32	132.00	12.00	88.25	255.00	1.00
186	transp_med_steep	72.32	132.00	12.00	88.25	255.00	1.00
187	shadow	24.50	133.00	1.00	82.33	255.00	1.00
188	shadow	24.50	133.00	1.00	82.33	255.00	1.00
189	shadow	24.50	133.00	1.00	82.33	255.00	1.00
190	transp_med_steep	69.38	136.00	4.00	86.50	255.00	1.00
191	transp_med_steep	69.38	136.00	4.00	86.50	255.00	1.00
192	transp_med_steep	69.38	136.00	4.00	86.50	255.00	1.00
193	shadow	19.94	114.00	1.00	79.77	255.00	1.00
194	shadow	19.94	114.00	1.00	79.77	255.00	1.00
195	shadow	19.94	114.00	1.00	79.77	255.00	1.00
196	transp_dark_steep	35.11	182.00	6.00	85.52	255.00	1.00
197	transp_dark_steep	35.11	182.00	6.00	85.52	255.00	1.00
198	transp_dark_steep	35.11	182.00	6.00	85.52	255.00	1.00
199	transp_dark_steep	36.13	142.00	4.00	87.67	255.00	1.00
200	transp_dark_steep	36.13	142.00	4.00	87.67	255.00	1.00
201	transp_dark_steep	36.13	142.00	4.00	87.67	255.00	1.00
202	plain	83.99	255.00	1.00	83.99	255.00	1.00
203	plain	83.99	255.00	1.00	83.99	255.00	1.00
204	plain	83.99	255.00	1.00	83.99	255.00	1.00
205	transp_med	73.78	178.00	11.00	90.03	255.00	4.00
206	transp_med	73.78	178.00	11.00	90.03	255.00	4.00
207	transp_med	73.78	178.00	11.00	90.03	255.00	4.00
208	shadow	20.10	115.00	1.00	83.46	255.00	1.00
209	shadow	20.10	115.00	1.00	83.46	255.00	1.00
210	shadow	20.10	115.00	1.00	83.46	255.00	1.00
211	transp_med	74.02	179.00	6.00	87.76	255.00	1.00
212	transp_med	74.02	179.00	6.00	87.76	255.00	1.00
213	transp_med	74.02	179.00	6.00	87.76	255.00	1.00
214	transp_dark	21.43	123.00	7.00	88.76	255.00	1.00
215	transp_dark	21.43	123.00	7.00	88.76	255.00	1.00
216	transp_dark	21.43	123.00	7.00	88.76	255.00	1.00
217	transp_dark_steep	34.76	115.00	6.00	88.69	251.00	1.00
218	transp_dark_steep	34.76	115.00	6.00	88.69	251.00	1.00
219	transp_dark_steep	34.76	115.00	6.00	88.69	251.00	1.00
220	shadow	21.15	135.00	1.00	84.47	255.00	1.00
221	shadow	21.15	135.00	1.00	84.47	255.00	1.00
222	shadow	21.15	135.00	1.00	84.47	255.00	1.00
223	transp_dark_steep	30.61	132.00	5.00	87.61	255.00	2.00
224	transp_dark_steep	30.61	132.00	5.00	87.61	255.00	2.00
225	transp_dark_steep	30.61	132.00	5.00	87.61	255.00	2.00
226	shadow	16.13	144.00	1.00	84.86	255.00	1.00
227	shadow	16.13	144.00	1.00	84.86	255.00	1.00
228	shadow	16.13	144.00	1.00	84.86	255.00	1.00
229	plain	82.78	255.00	1.00	82.78	255.00	1.00
230	plain	82.78	255.00	1.00	82.78	255.00	1.00
231	plain	82.78	255.00	1.00	82.78	255.00	1.00
232	transp_med_steep	73.17	182.00	2.00	89.14	255.00	2.00
233	transp_med_steep	73.17	182.00	2.00	89.14	255.00	2.00
234	transp_med_steep	73.17	182.00	2.00	89.14	255.00	2.00
235	transp_dark	22.94	141.00	1.00	88.10	255.00	1.00
236	transp_dark	22.94	141.00	1.00	88.10	255.00	1.00
237	transp_dark	22.94	141.00	1.00	88.10	255.00	1.00
238	transp_dark	23.29	141.00	7.00	87.50	255.00	1.00
239	transp_dark	23.29	141.00	7.00	87.50	255.00	1.00
240	transp_dark	23.29	141.00	7.00	87.50	255.00	1.00
241	transp_med_steep	75.13	165.00	22.00	85.34	255.00	1.00
242	transp_med_steep	75.13	165.00	22.00	85.34	255.00	1.00
243	transp_med_steep	75.13	165.00	22.00	85.34	255.00	1.00
244	shadow	27.23	130.00	1.00	79.65	247.00	1.00
245	shadow	27.23	130.00	1.00	79.65	247.00	1.00
246	shadow	27.23	130.00	1.00	79.65	247.00	1.00
247	transp_dark_steep	32.65	164.00	6.00	88.13	255.00	2.00
248	transp_dark_steep	32.65	164.00	6.00	88.13	255.00	2.00
249	transp_dark_steep	32.65	164.00	6.00	88.13	255.00	2.00
250	transp_med_steep	76.80	174.00	10.00	89.32	255.00	1.00
251	transp_med_steep	76.80	174.00	10.00	89.32	255.00	1.00
252	transp_med_steep	76.80	174.00	10.00	89.32	255.00	1.00
253	transp_dark_steep	33.23	121.00	4.00	88.31	255.00	1.00
254	transp_dark_steep	33.23	121.00	4.00	88.31	255.00	1.00
255	transp_dark_steep	33.23	121.00	4.00	88.31	255.00	1.00
256	transp_med	76.34	229.00	8.00	87.79	255.00	1.00
257	transp_med	76.34	229.00	8.00	87.79	255.00	1.00
258	transp_med	76.34	229.00	8.00	87.79	255.00	1.00
259	transp_dark	23.27	93.00	8.00	86.58	250.00	1.00
260	transp_dark	23.27	93.00	8.00	86.58	250.00	1.00
261	transp_dark	23.27	93.00	8.00	86.58	250.00	1.00
262	transp_dark_steep	31.06	124.00	6.00	88.16	255.00	1.00
263	transp_dark_steep	31.06	124.00	6.00	88.16	255.00	1.00
264	transp_dark_steep	31.06	124.00	6.00	88.16	255.00	1.00
265	transp_med_steep	75.28	139.00	2.00	87.67	255.00	1.00
266	transp_med_steep	75.28	139.00	2.00	87.67	255.00	1.00
267	transp_med_steep	75.28	139.00	2.00	87.67	255.00	1.00
268	plain	81.09	255.00	1.00	81.09	255.00	1.00
269	plain	81.09	255.00	1.00	81.09	255.00	1.00
270	plain	81.09	255.00	1.00	81.09	255.00	1.00
271	transp_med	75.44	129.00	7.00	87.78	255.00	1.00
272	transp_med	75.44	129.00	7.00	87.78	255.00	1.00
273	transp_med	75.44	129.00	7.00	87.78	255.00	1.00
274	shadow	20.21	91.00	1.00	83.26	241.00	1.00
275	shadow	20.21	91.00	1.00	83.26	241.00	1.00
276	shadow	20.21	91.00	1.00	83.26	241.00	1.00
277	transp_dark_steep	35.75	184.00	6.00	89.23	255.00	1.00
278	transp_dark_steep	35.75	184.00	6.00	89.23	255.00	1.00
279	transp_dark_steep	35.75	184.00	6.00	89.23	255.00	1.00
280	transp_med_steep	78.87	138.00	6.00	88.27	255.00	1.00
281	transp_med_steep	78.87	138.00	6.00	88.27	255.00	1.00
282	transp_med_steep	78.87	138.00	6.00	88.27	255.00	1.00
283	transp_dark_steep	36.43	189.00	5.00	86.26	244.00	1.00
284	transp_dark_steep	36.43	189.00	5.00	86.26	244.00	1.00
285	transp_dark_steep	36.43	189.00	5.00	86.26	244.00	1.00
286	transp_med_steep	72.68	138.00	7.00	89.09	255.00	1.00
287	transp_med_steep	72.68	138.00	7.00	89.09	255.00	1.00
288	transp_med_steep	72.68	138.00	7.00	89.09	255.00	1.00
289	transp_med_steep	76.22	182.00	2.00	86.95	244.00	2.00
290	transp_med_steep	76.22	182.00	2.00	86.95	244.00	2.00
291	transp_med_steep	76.22	182.00	2.00	86.95	244.00	2.00
292	transp_dark_steep	32.70	105.00	6.00	87.71	255.00	1.00
293	transp_dark_steep	32.70	105.00	6.00	87.71	255.00	1.00
294	transp_dark_steep	32.70	105.00	6.00	87.71	255.00	1.00
295	transp_med_steep	76.32	142.00	6.00	88.29	255.00	1.00
296	transp_med_steep	76.32	142.00	6.00	88.29	255.00	1.00
297	transp_med_steep	76.32	142.00	6.00	88.29	255.00	1.00
298	transp_dark_steep	39.97	179.00	7.00	86.77	255.00	1.00
299	transp_dark_steep	39.97	179.00	7.00	86.77	255.00	1.00
300	transp_dark_steep	39.97	179.00	7.00	86.77	255.00	1.00
301	plain	80.87	255.00	1.00	80.87	255.00	1.00
302	plain	80.87	255.00	1.00	80.87	255.00	1.00
303	plain	80.87	255.00	1.00	80.87	255.00	1.00
304	transp_dark_steep	34.10	229.00	6.00	89.04	255.00	2.00
305	transp_dark_steep	34.10	229.00	6.00	89.04	255.00	2.00
306	transp_dark_steep	34.10	229.00	6.00	89.04	255.00	2.00
307	transp_dark	22.29	182.00	1.00	86.29	255.00	1.00
308	transp_dark	22.29	182.00	1.00	86.29	255.00	1.00
309	transp_dark	22.29	182.00	1.00	86.29	255.00	1.00
310	plain	85.06	255.00	1.00	85.06	255.00	1.00
311	plain	85.06	255.00	1.00	85.06	255.00	1.00
312	plain	85.06	255.00	1.00	85.06	255.00	1.00
313	shadow	19.05	140.00	1.00	81.13	255.00	1.00
314	shadow	19.05	140.00	1.00	81.13	255.00	1.00
315	shadow	19.05	140.00	1.00	81.13	255.00	1.00
316	shadow	25.59	140.00	1.00	83.19	255.00	1.00
317	shadow	25.59	140.00	1.00	83.19	255.00	1.00
318	shadow	25.59	140.00	1.00	83.19	255.00	1.00
319	transp_med	76.68	167.00	4.00	88.83	251.00	2.00
320	transp_med	76.68	167.00	4.00	88.83	251.00	2.00
321	transp_med	76.68	167.00	4.00	88.83	251.00	2.00
322	transp_dark_steep	33.18	179.00	6.00	86.59	255.00	1.00
323	transp_dark_steep	33.18	179.00	6.00	86.59	255.00	1.00
324	transp_dark_steep	33.18	179.00	6.00	86.59	255.00	1.00
325	transp_dark	22.15	93.00	1.00	87.40	255.00	1.00
326	transp_dark	22.15	93.00	1.00	87.40	255.00	1.00
327	transp_dark	22.15	93.00	1.00	87.40	255.00	1.00
328	transp_dark	20.42	166.00	7.00	86.56	255.00	1.00
329	transp_dark	20.42	166.00	7.00	86.56	255.00	1.00
330	transp_dark	20.42	166.00	7.00	86.56	255.00	1.00
331	plain	83.48	255.00	1.00	83.48	255.00	1.00
332	plain	83.48	255.00	1.00	83.48	255.00	1.00
333	plain	83.48	255.00	1.00	83.48	255.00	1.00
334	transp_dark_steep	38.22	184.00	6.00	88.74	222.00	1.00
335	transp_dark_steep	38.22	184.00	6.00	88.74	222.00	1.00
336	transp_dark_steep	38.22	184.00	6.00	88.74	222.00	1.00
337	transp_dark_steep	33.85	141.00	1.00	89.11	255.00	1.00
338	transp_dark_steep	33.85	141.00	1.00	89.11	255.00	1.00
339	transp_dark_steep	33.85	141.00	1.00	89.11	255.00	1.00
340	transp_dark	23.63	182.00	2.00	87.42	231.00	1.00
341	transp_dark	23.63	182.00	2.00	87.42	231.00	1.00
342	transp_dark	23.63	182.00	2.00	87.42	231.00	1.00
343	plain	85.18	254.00	1.00	85.18	254.00	1.00
344	plain	85.18	254.00	1.00	85.18	254.00	1.00
345	plain	85.18	254.00	1.00	85.18	254.00	1.00
346	transp_dark	21.49	178.00	7.00	87.30	240.00	1.00
347	transp_dark	21.49	178.00	7.00	87.30	240.00	1.00
348	transp_dark	21.49	178.00	7.00	87.30	240.00	1.00
349	transp_med_steep	73.96	174.00	6.00	88.74	255.00	2.00
350	transp_med_steep	73.96	174.00	6.00	88.74	255.00	2.00
351	transp_med_steep	73.96	174.00	6.00	88.74	255.00	2.00
352	shadow	21.92	130.00	1.00	82.09	255.00	1.00
353	shadow	21.92	130.00	1.00	82.09	255.00	1.00
354	shadow	21.92	130.00	1.00	82.09	255.00	1.00
355	transp_med_steep	73.56	138.00	6.00	89.03	255.00	1.00
356	transp_med_steep	73.56	138.00	6.00	89.03	255.00	1.00
357	transp_med_steep	73.56	138.00	6.00	89.03	255.00	1.00
358	shadow	20.72	110.00	1.00	81.70	255.00	1.00
359	shadow	20.72	110.00	1.00	81.70	255.00	1.00
360	shadow	20.72	110.00	1.00	81.70	255.00	1.00
361	plain	85.18	254.00	1.00	85.18	254.00	1.00
362	plain	85.18	254.00	1.00	85.18	254.00	1.00
363	plain	85.18	254.00	1.00	85.18	254.00	1.00
364	transp_dark_steep	30.61	132.00	5.00	87.61	255.00	2.00
365	transp_dark_steep	30.61	132.00	5.00	87.61	255.00	2.00
366	transp_dark_steep	30.61	132.00	5.00	87.61	255.00	2.00
367	shadow	21.92	130.00	1.00	82.09	255.00	1.00
368	shadow	21.92	130.00	1.00	82.09	255.00	1.00
369	shadow	21.92	130.00	1.00	82.09	255.00	1.00
370	transp_dark	22.94	141.00	1.00	88.10	255.00	1.00
371	transp_dark	22.94	141.00	1.00	88.10	255.00	1.00
372	transp_dark	22.94	141.00	1.00	88.10	255.00	1.00
373	transp_dark	24.30	182.00	7.00	88.97	255.00	2.00
374	transp_dark	24.30	182.00	7.00	88.97	255.00	2.00
375	transp_dark	24.30	182.00	7.00	88.97	255.00	2.00
376	plain	88.60	255.00	1.00	88.60	255.00	1.00
377	plain	88.60	255.00	1.00	88.60	255.00	1.00
378	plain	88.60	255.00	1.00	88.60	255.00	1.00
379	transp_med_steep	72.11	179.00	2.00	91.80	255.00	2.00
380	transp_med_steep	72.11	179.00	2.00	91.80	255.00	2.00
381	transp_med_steep	72.11	179.00	2.00	91.80	255.00	2.00
382	transp_med_steep	69.38	136.00	4.00	86.50	255.00	1.00
383	transp_med_steep	69.38	136.00	4.00	86.50	255.00	1.00
384	transp_med_steep	69.38	136.00	4.00	86.50	255.00	1.00
385	plain	81.09	255.00	1.00	81.09	255.00	1.00
386	plain	81.09	255.00	1.00	81.09	255.00	1.00
387	plain	81.09	255.00	1.00	81.09	255.00	1.00
388	transp_med	73.44	169.00	9.00	86.97	255.00	2.00
389	transp_med	73.44	169.00	9.00	86.97	255.00	2.00
390	transp_med	73.44	169.00	9.00	86.97	255.00	2.00
391	shadow	20.21	91.00	1.00	83.26	241.00	1.00
392	shadow	20.21	91.00	1.00	83.26	241.00	1.00
393	shadow	20.21	91.00	1.00	83.26	241.00	1.00
394	shadow	24.50	133.00	1.00	82.33	255.00	1.00
395	shadow	24.50	133.00	1.00	82.33	255.00	1.00
396	shadow	24.50	133.00	1.00	82.33	255.00	1.00
397	transp_med_steep	75.02	138.00	4.00	86.08	250.00	1.00
398	transp_med_steep	75.02	138.00	4.00	86.08	250.00	1.00
399	transp_med_steep	75.02	138.00	4.00	86.08	250.00	1.00
400	transp_dark	22.29	182.00	1.00	86.29	255.00	1.00
401	transp_dark	22.29	182.00	1.00	86.29	255.00	1.00
402	transp_dark	22.29	182.00	1.00	86.29	255.00	1.00
403	transp_dark	23.29	141.00	7.00	87.50	255.00	1.00
404	transp_dark	23.29	141.00	7.00	87.50	255.00	1.00
405	transp_dark	23.29	141.00	7.00	87.50	255.00	1.00
406	transp_med	76.68	167.00	4.00	88.83	251.00	2.00
407	transp_med	76.68	167.00	4.00	88.83	251.00	2.00
408	transp_med	76.68	167.00	4.00	88.83	251.00	2.00
409	plain	87.17	255.00	1.00	87.17	255.00	1.00
410	plain	87.17	255.00	1.00	87.17	255.00	1.00
411	plain	87.17	255.00	1.00	87.17	255.00	1.00
412	transp_dark	20.42	166.00	7.00	86.56	255.00	1.00
413	transp_dark	20.42	166.00	7.00	86.56	255.00	1.00
414	transp_dark	20.42	166.00	7.00	86.56	255.00	1.00
415	plain	83.76	255.00	2.00	83.76	255.00	2.00
416	plain	83.76	255.00	2.00	83.76	255.00	2.00
417	plain	83.76	255.00	2.00	83.76	255.00	2.00
418	transp_dark_steep	32.86	229.00	5.00	89.35	255.00	1.00
419	transp_dark_steep	32.86	229.00	5.00	89.35	255.00	1.00
420	transp_dark_steep	32.86	229.00	5.00	89.35	255.00	1.00
421	transp_dark	21.47	162.00	1.00	86.56	255.00	1.00
422	transp_dark	21.47	162.00	1.00	86.56	255.00	1.00
423	transp_dark	21.47	162.00	1.00	86.56	255.00	1.00
424	transp_dark	21.09	134.00	1.00	84.29	255.00	1.00
425	transp_dark	21.09	134.00	1.00	84.29	255.00	1.00
426	transp_dark	21.09	134.00	1.00	84.29	255.00	1.00
427	transp_dark_steep	33.46	156.00	5.00	88.65	255.00	1.00
428	transp_dark_steep	33.46	156.00	5.00	88.65	255.00	1.00
429	transp_dark_steep	33.46	156.00	5.00	88.65	255.00	1.00
430	plain	83.39	255.00	1.00	83.39	255.00	1.00
431	plain	83.39	255.00	1.00	83.39	255.00	1.00
432	plain	83.39	255.00	1.00	83.39	255.00	1.00
433	shadow	19.05	140.00	1.00	81.13	255.00	1.00
434	shadow	19.05	140.00	1.00	81.13	255.00	1.00
435	shadow	19.05	140.00	1.00	81.13	255.00	1.00
436	transp_med	76.34	229.00	8.00	87.79	255.00	1.00
437	transp_med	76.34	229.00	8.00	87.79	255.00	1.00
438	transp_med	76.34	229.00	8.00	87.79	255.00	1.00
439	transp_med_steep	73.56	138.00	6.00	89.03	255.00	1.00
440	transp_med_steep	73.56	138.00	6.00	89.03	255.00	1.00
441	transp_med_steep	73.56	138.00	6.00	89.03	255.00	1.00
442	transp_med_steep	76.22	182.00	2.00	86.95	244.00	2.00
443	transp_med_steep	76.22	182.00	2.00	86.95	244.00	2.00
444	transp_med_steep	76.22	182.00	2.00	86.95	244.00	2.00
445	transp_dark	23.08	182.00	7.00	87.98	255.00	1.00
446	transp_dark	23.08	182.00	7.00	87.98	255.00	1.00
447	transp_dark	23.08	182.00	7.00	87.98	255.00	1.00
448	transp_dark_steep	33.18	179.00	6.00	86.59	255.00	1.00
449	transp_dark_steep	33.18	179.00	6.00	86.59	255.00	1.00
450	transp_dark_steep	33.18	179.00	6.00	86.59	255.00	1.00
451	transp_dark_steep	34.76	115.00	6.00	88.69	251.00	1.00
452	transp_dark_steep	34.76	115.00	6.00	88.69	251.00	1.00
453	transp_dark_steep	34.76	115.00	6.00	88.69	251.00	1.00
454	plain	82.15	255.00	1.00	82.15	255.00	1.00
455	plain	82.15	255.00	1.00	82.15	255.00	1.00
456	plain	82.15	255.00	1.00	82.15	255.00	1.00
457	transp_dark_steep	33.82	182.00	6.00	88.19	255.00	2.00
458	transp_dark_steep	33.82	182.00	6.00	88.19	255.00	2.00
459	transp_dark_steep	33.82	182.00	6.00	88.19	255.00	2.00
460	transp_dark	22.15	93.00	1.00	87.40	255.00	1.00
461	transp_dark	22.15	93.00	1.00	87.40	255.00	1.00
462	transp_dark	22.15	93.00	1.00	87.40	255.00	1.00
463	plain	83.48	255.00	1.00	83.48	255.00	1.00
464	plain	83.48	255.00	1.00	83.48	255.00	1.00
465	plain	83.48	255.00	1.00	83.48	255.00	1.00
466	shadow	25.69	144.00	1.00	85.19	255.00	1.00
467	shadow	25.69	144.00	1.00	85.19	255.00	1.00
468	shadow	25.69	144.00	1.00	85.19	255.00	1.00
469	transp_dark	24.40	182.00	7.00	86.38	217.00	1.00
470	transp_dark	24.40	182.00	7.00	86.38	217.00	1.00
471	transp_dark	24.40	182.00	7.00	86.38	217.00	1.00
472	transp_med	74.99	178.00	16.00	88.69	255.00	1.00
473	transp_med	74.99	178.00	16.00	88.69	255.00	1.00
474	transp_med	74.99	178.00	16.00	88.69	255.00	1.00
475	transp_dark	22.86	162.00	7.00	89.59	255.00	4.00
476	transp_dark	22.86	162.00	7.00	89.59	255.00	4.00
477	transp_dark	22.86	162.00	7.00	89.59	255.00	4.00
478	shadow	25.59	140.00	1.00	83.19	255.00	1.00
479	shadow	25.59	140.00	1.00	83.19	255.00	1.00
480	shadow	25.59	140.00	1.00	83.19	255.00	1.00
481	shadow	20.10	115.00	1.00	83.46	255.00	1.00
482	shadow	20.10	115.00	1.00	83.46	255.00	1.00
483	shadow	20.10	115.00	1.00	83.46	255.00	1.00
484	transp_med	75.44	129.00	7.00	87.78	255.00	1.00
485	transp_med	75.44	129.00	7.00	87.78	255.00	1.00
486	transp_med	75.44	129.00	7.00	87.78	255.00	1.00
487	transp_dark	21.43	123.00	7.00	88.76	255.00	1.00
488	transp_dark	21.43	123.00	7.00	88.76	255.00	1.00
489	transp_dark	21.43	123.00	7.00	88.76	255.00	1.00
490	transp_med	75.98	160.00	7.00	88.64	255.00	2.00
491	transp_med	75.98	160.00	7.00	88.64	255.00	2.00
492	transp_med	75.98	160.00	7.00	88.64	255.00	2.00
493	transp_dark_steep	35.11	182.00	6.00	85.52	255.00	1.00
494	transp_dark_steep	35.11	182.00	6.00	85.52	255.00	1.00
495	transp_dark_steep	35.11	182.00	6.00	85.52	255.00	1.00
496	plain	85.06	255.00	1.00	85.06	255.00	1.00
497	plain	85.06	255.00	1.00	85.06	255.00	1.00
498	plain	85.06	255.00	1.00	85.06	255.00	1.00
499	shadow	18.35	143.00	1.00	80.11	217.00	1.00
500	shadow	18.35	143.00	1.00	80.11	217.00	1.00
501	shadow	18.35	143.00	1.00	80.11	217.00	1.00
502	transp_med	73.92	179.00	18.00	87.95	233.00	1.00
503	transp_med	73.92	179.00	18.00	87.95	233.00	1.00
504	transp_med	73.92	179.00	18.00	87.95	233.00	1.00
505	transp_med	74.02	179.00	6.00	87.76	255.00	1.00
506	transp_med	74.02	179.00	6.00	87.76	255.00	1.00
507	transp_med	74.02	179.00	6.00	87.76	255.00	1.00
508	transp_dark_steep	35.96	97.00	1.00	87.49	255.00	1.00
509	transp_dark_steep	35.96	97.00	1.00	87.49	255.00	1.00
510	transp_dark_steep	35.96	97.00	1.00	87.49	255.00	1.00
511	transp_med_steep	77.41	179.00	28.00	88.70	255.00	1.00
512	transp_med_steep	77.41	179.00	28.00	88.70	255.00	1.00
513	transp_med_steep	77.41	179.00	28.00	88.70	255.00	1.00
514	transp_med_steep	75.28	139.00	2.00	87.67	255.00	1.00
515	transp_med_steep	75.28	139.00	2.00	87.67	255.00	1.00
516	transp_med_steep	75.28	139.00	2.00	87.67	255.00	1.00
517	transp_med	74.85	168.00	6.00	88.44	255.00	1.00
518	transp_med	74.85	168.00	6.00	88.44	255.00	1.00
519	transp_med	74.85	168.00	6.00	88.44	255.00	1.00
520	transp_med_steep	76.32	142.00	6.00	88.29	255.00	1.00
521	transp_med_steep	76.32	142.00	6.00	88.29	255.00	1.00
522	transp_med_steep	76.32	142.00	6.00	88.29	255.00	1.00
523	transp_dark	21.49	178.00	7.00	87.30	240.00	1.00
524	transp_dark	21.49	178.00	7.00	87.30	240.00	1.00
525	transp_dark	21.49	178.00	7.00	87.30	240.00	1.00
526	transp_med_steep	78.87	138.00	6.00	88.27	255.00	1.00
527	transp_med_steep	78.87	138.00	6.00	88.27	255.00	1.00
528	transp_med_steep	78.87	138.00	6.00	88.27	255.00	1.00
529	plain	87.07	255.00	1.00	87.07	255.00	1.00
530	plain	87.07	255.00	1.00	87.07	255.00	1.00
531	plain	87.07	255.00	1.00	87.07	255.00	1.00
532	plain	82.97	255.00	1.00	82.97	255.00	1.00
533	plain	82.97	255.00	1.00	82.97	255.00	1.00
534	plain	82.97	255.00	1.00	82.97	255.00	1.00
535	plain	82.78	255.00	1.00	82.78	255.00	1.00
536	plain	82.78	255.00	1.00	82.78	255.00	1.00
537	plain	82.78	255.00	1.00	82.78	255.00	1.00
538	shadow	26.06	138.00	1.00	82.92	255.00	1.00
539	shadow	26.06	138.00	1.00	82.92	255.00	1.00
540	shadow	26.06	138.00	1.00	82.92	255.00	1.00
541	shadow	27.23	130.00	1.00	79.65	247.00	1.00
542	shadow	27.23	130.00	1.00	79.65	247.00	1.00
543	shadow	27.23	130.00	1.00	79.65	247.00	1.00
544	transp_med	74.03	127.00	10.00	88.01	255.00	1.00
545	transp_med	74.03	127.00	10.00	88.01	255.00	1.00
546	transp_med	74.03	127.00	10.00	88.01	255.00	1.00
547	transp_med_steep	75.13	165.00	22.00	85.34	255.00	1.00
548	transp_med_steep	75.13	165.00	22.00	85.34	255.00	1.00
549	transp_med_steep	75.13	165.00	22.00	85.34	255.00	1.00
550	transp_dark_steep	33.23	121.00	4.00	88.31	255.00	1.00
551	transp_dark_steep	33.23	121.00	4.00	88.31	255.00	1.00
552	transp_dark_steep	33.23	121.00	4.00	88.31	255.00	1.00
553	transp_dark_steep	38.22	184.00	6.00	88.74	222.00	1.00
554	transp_dark_steep	38.22	184.00	6.00	88.74	222.00	1.00
555	transp_dark_steep	38.22	184.00	6.00	88.74	222.00	1.00
556	transp_med_steep	74.55	161.00	27.00	88.44	255.00	1.00
557	transp_med_steep	74.55	161.00	27.00	88.44	255.00	1.00
558	transp_med_steep	74.55	161.00	27.00	88.44	255.00	1.00
559	transp_dark	20.77	229.00	6.00	86.67	255.00	2.00
560	transp_dark	20.77	229.00	6.00	86.67	255.00	2.00
561	transp_dark	20.77	229.00	6.00	86.67	255.00	2.00
562	transp_med	73.78	178.00	11.00	90.03	255.00	4.00
563	transp_med	73.78	178.00	11.00	90.03	255.00	4.00
564	transp_med	73.78	178.00	11.00	90.03	255.00	4.00
565	plain	85.85	255.00	1.00	85.85	255.00	1.00
566	plain	85.85	255.00	1.00	85.85	255.00	1.00
567	plain	85.85	255.00	1.00	85.85	255.00	1.00
568	transp_dark_steep	32.65	164.00	6.00	88.13	255.00	2.00
569	transp_dark_steep	32.65	164.00	6.00	88.13	255.00	2.00
570	transp_dark_steep	32.65	164.00	6.00	88.13	255.00	2.00
571	transp_dark_steep	34.10	229.00	6.00	89.04	255.00	2.00
572	transp_dark_steep	34.10	229.00	6.00	89.04	255.00	2.00
573	transp_dark_steep	34.10	229.00	6.00	89.04	255.00	2.00
574	transp_med_steep	72.32	132.00	12.00	88.25	255.00	1.00
575	transp_med_steep	72.32	132.00	12.00	88.25	255.00	1.00
576	transp_med_steep	72.32	132.00	12.00	88.25	255.00	1.00
577	transp_med_steep	72.45	142.00	2.00	86.96	255.00	1.00
578	transp_med_steep	72.45	142.00	2.00	86.96	255.00	1.00
579	transp_med_steep	72.45	142.00	2.00	86.96	255.00	1.00
580	shadow	16.13	144.00	1.00	84.86	255.00	1.00
581	shadow	16.13	144.00	1.00	84.86	255.00	1.00
582	shadow	16.13	144.00	1.00	84.86	255.00	1.00
583	transp_med	74.59	139.00	7.00	90.47	255.00	4.00
584	transp_med	74.59	139.00	7.00	90.47	255.00	4.00
585	transp_med	74.59	139.00	7.00	90.47	255.00	4.00
586	transp_dark	22.60	110.00	6.00	88.10	255.00	1.00
587	transp_dark	22.60	110.00	6.00	88.10	255.00	1.00
588	transp_dark	22.60	110.00	6.00	88.10	255.00	1.00
589	transp_med	76.60	154.00	34.00	87.89	247.00	1.00
590	transp_med	76.60	154.00	34.00	87.89	247.00	1.00
591	transp_med	76.60	154.00	34.00	87.89	247.00	1.00
592	shadow	22.28	115.00	2.00	79.92	255.00	1.00
593	shadow	22.28	115.00	2.00	79.92	255.00	1.00
594	shadow	22.28	115.00	2.00	79.92	255.00	1.00
595	transp_med	73.57	116.00	12.00	89.88	255.00	1.00
596	transp_med	73.57	116.00	12.00	89.88	255.00	1.00
597	transp_med	73.57	116.00	12.00	89.88	255.00	1.00
598	shadow	24.57	144.00	2.00	82.73	247.00	1.00
599	shadow	24.57	144.00	2.00	82.73	247.00	1.00
600	shadow	24.57	144.00	2.00	82.73	247.00	1.00
601	shadow	21.49	118.00	1.00	80.30	240.00	1.00
602	shadow	21.49	118.00	1.00	80.30	240.00	1.00
603	shadow	21.49	118.00	1.00	80.30	240.00	1.00
604	plain	81.32	255.00	1.00	81.32	255.00	1.00
605	plain	81.32	255.00	1.00	81.32	255.00	1.00
606	plain	81.32	255.00	1.00	81.32	255.00	1.00
607	plain	84.57	255.00	1.00	84.57	255.00	1.00
608	plain	84.57	255.00	1.00	84.57	255.00	1.00
609	plain	84.57	255.00	1.00	84.57	255.00	1.00
610	plain	82.79	255.00	2.00	82.79	255.00	2.00
611	plain	82.79	255.00	2.00	82.79	255.00	2.00
612	plain	82.79	255.00	2.00	82.79	255.00	2.00
613	transp_med	75.21	142.00	6.00	87.81	255.00	1.00
614	transp_med	75.21	142.00	6.00	87.81	255.00	1.00
615	transp_med	75.21	142.00	6.00	87.81	255.00	1.00
616	transp_dark_steep	34.48	229.00	6.00	88.99	255.00	1.00
617	transp_dark_steep	34.48	229.00	6.00	88.99	255.00	1.00
618	transp_dark_steep	34.48	229.00	6.00	88.99	255.00	1.00
619	shadow	25.00	143.00	1.00	83.64	255.00	1.00
620	shadow	25.00	143.00	1.00	83.64	255.00	1.00
621	shadow	25.00	143.00	1.00	83.64	255.00	1.00
622	transp_med_steep	73.16	143.00	12.00	88.46	255.00	1.00
623	transp_med_steep	73.16	143.00	12.00	88.46	255.00	1.00
624	transp_med_steep	73.16	143.00	12.00	88.46	255.00	1.00
625	transp_dark_steep	32.70	105.00	6.00	87.71	255.00	1.00
626	transp_dark_steep	32.70	105.00	6.00	87.71	255.00	1.00
627	transp_dark_steep	32.70	105.00	6.00	87.71	255.00	1.00
628	shadow	21.15	135.00	1.00	84.47	255.00	1.00
629	shadow	21.15	135.00	1.00	84.47	255.00	1.00
630	shadow	21.15	135.00	1.00	84.47	255.00	1.00
631	transp_med	72.82	142.00	4.00	90.51	251.00	4.00
632	transp_med	72.82	142.00	4.00	90.51	251.00	4.00
633	transp_med	72.82	142.00	4.00	90.51	251.00	4.00
634	transp_dark_steep	35.75	184.00	6.00	89.23	255.00	1.00
635	transp_dark_steep	35.75	184.00	6.00	89.23	255.00	1.00
636	transp_dark_steep	35.75	184.00	6.00	89.23	255.00	1.00
637	transp_med	73.60	136.00	24.00	89.43	255.00	2.00
638	transp_med	73.60	136.00	24.00	89.43	255.00	2.00
639	transp_med	73.60	136.00	24.00	89.43	255.00	2.00
640	shadow	20.72	110.00	1.00	81.70	255.00	1.00
641	shadow	20.72	110.00	1.00	81.70	255.00	1.00
642	shadow	20.72	110.00	1.00	81.70	255.00	1.00
643	transp_dark_steep	31.06	124.00	6.00	88.16	255.00	1.00
644	transp_dark_steep	31.06	124.00	6.00	88.16	255.00	1.00
645	transp_dark_steep	31.06	124.00	6.00	88.16	255.00	1.00
646	transp_med	73.78	141.00	4.00	85.80	255.00	1.00
647	transp_med	73.78	141.00	4.00	85.80	255.00	1.00
648	transp_med	73.78	141.00	4.00	85.80	255.00	1.00
649	transp_dark_steep	39.97	179.00	7.00	86.77	255.00	1.00
650	transp_dark_steep	39.97	179.00	7.00	86.77	255.00	1.00
651	transp_dark_steep	39.97	179.00	7.00	86.77	255.00	1.00
652	plain	84.53	251.00	2.00	84.53	251.00	2.00
653	plain	84.53	251.00	2.00	84.53	251.00	2.00
654	plain	84.53	251.00	2.00	84.53	251.00	2.00
655	transp_dark	22.11	171.00	5.00	86.49	245.00	1.00
656	transp_dark	22.11	171.00	5.00	86.49	245.00	1.00
657	transp_dark	22.11	171.00	5.00	86.49	245.00	1.00
658	transp_med	76.09	195.00	13.00	89.15	255.00	1.00
659	transp_med	76.09	195.00	13.00	89.15	255.00	1.00
660	transp_med	76.09	195.00	13.00	89.15	255.00	1.00
661	transp_med_steep	73.96	174.00	6.00	88.74	255.00	2.00
662	transp_med_steep	73.96	174.00	6.00	88.74	255.00	2.00
663	transp_med_steep	73.96	174.00	6.00	88.74	255.00	2.00
664	transp_med_steep	72.68	138.00	7.00	89.09	255.00	1.00
665	transp_med_steep	72.68	138.00	7.00	89.09	255.00	1.00
666	transp_med_steep	72.68	138.00	7.00	89.09	255.00	1.00
667	plain	83.99	255.00	1.00	83.99	255.00	1.00
668	plain	83.99	255.00	1.00	83.99	255.00	1.00
669	plain	83.99	255.00	1.00	83.99	255.00	1.00
670	transp_dark_steep	36.13	142.00	4.00	87.67	255.00	1.00
671	transp_dark_steep	36.13	142.00	4.00	87.67	255.00	1.00
672	transp_dark_steep	36.13	142.00	4.00	87.67	255.00	1.00
673	transp_med_steep	73.17	182.00	2.00	89.14	255.00	2.00
674	transp_med_steep	73.17	182.00	2.00	89.14	255.00	2.00
675	transp_med_steep	73.17	182.00	2.00	89.14	255.00	2.00
676	shadow	23.77	106.00	1.00	83.07	255.00	2.00
677	shadow	23.77	106.00	1.00	83.07	255.00	2.00
678	shadow	23.77	106.00	1.00	83.07	255.00	2.00
679	shadow	19.40	137.00	1.00	81.32	255.00	1.00
680	shadow	19.40	137.00	1.00	81.32	255.00	1.00
681	shadow	19.40	137.00	1.00	81.32	255.00	1.00
682	transp_med_steep	73.87	162.00	7.00	84.64	244.00	1.00
683	transp_med_steep	73.87	162.00	7.00	84.64	244.00	1.00
684	transp_med_steep	73.87	162.00	7.00	84.64	244.00	1.00
685	transp_dark	23.63	182.00	2.00	87.42	231.00	1.00
686	transp_dark	23.63	182.00	2.00	87.42	231.00	1.00
687	transp_dark	23.63	182.00	2.00	87.42	231.00	1.00
688	plain	80.87	255.00	1.00	80.87	255.00	1.00
689	plain	80.87	255.00	1.00	80.87	255.00	1.00
690	plain	80.87	255.00	1.00	80.87	255.00	1.00
691	transp_dark_steep	33.85	141.00	1.00	89.11	255.00	1.00
692	transp_dark_steep	33.85	141.00	1.00	89.11	255.00	1.00
693	transp_dark_steep	33.85	141.00	1.00	89.11	255.00	1.00
694	transp_dark	23.27	93.00	8.00	86.58	250.00	1.00
695	transp_dark	23.27	93.00	8.00	86.58	250.00	1.00
696	transp_dark	23.27	93.00	8.00	86.58	250.00	1.00
697	transp_dark_steep	36.43	189.00	5.00	86.26	244.00	1.00
698	transp_dark_steep	36.43	189.00	5.00	86.26	244.00	1.00
699	transp_dark_steep	36.43	189.00	5.00	86.26	244.00	1.00
700	transp_med_steep	76.80	174.00	10.00	89.32	255.00	1.00
701	transp_med_steep	76.80	174.00	10.00	89.32	255.00	1.00
702	transp_med_steep	76.80	174.00	10.00	89.32	255.00	1.00
703	shadow	19.94	114.00	1.00	79.77	255.00	1.00
704	shadow	19.94	114.00	1.00	79.77	255.00	1.00
705	shadow	19.94	114.00	1.00	79.77	255.00	1.00
706	transp_dark	19.96	129.00	6.00	88.15	255.00	1.00
707	transp_dark	19.96	129.00	6.00	88.15	255.00	1.00
708	transp_dark	19.96	129.00	6.00	88.15	255.00	1.00
709	transp_med_steep	66.71	171.00	1.00	86.09	255.00	1.00
710	transp_med_steep	66.71	171.00	1.00	86.09	255.00	1.00
711	transp_med_steep	66.71	171.00	1.00	86.09	255.00	1.00
712	plain	86.73	255.00	1.00	86.73	255.00	1.00
713	plain	86.73	255.00	1.00	86.73	255.00	1.00
714	plain	86.73	255.00	1.00	86.73	255.00	1.00
715	transp_med	74.08	144.00	18.00	89.34	255.00	1.00
716	transp_med	74.08	144.00	18.00	89.34	255.00	1.00
717	transp_med	74.08	144.00	18.00	89.34	255.00	1.00
718	transp_dark	23.49	96.00	4.00	87.91	255.00	2.00
719	transp_dark	23.49	96.00	4.00	87.91	255.00	2.00
720	transp_dark	23.49	96.00	4.00	87.91	255.00	2.00
